Slot;Anzahl;Anzahl_Sum;relativer_Anteil;relativer_Anteil_Sum
1800;10;10;0.0115606936;0.0115606936
1801;0;10;0;0.0115606936
1802;1;11;0.0011560694;0.012716763
1803;1;12;0.0011560694;0.0138728324
1804;0;12;0;0.0138728324
1805;4;16;0.0046242775;0.0184971098
1806;2;18;0.0023121387;0.0208092486
1807;3;21;0.0034682081;0.0242774566
1808;1;22;0.0011560694;0.025433526
1809;2;24;0.0023121387;0.0277456647
1810;9;33;0.0104046243;0.038150289
1811;1;34;0.0011560694;0.0393063584
1812;2;36;0.0023121387;0.0416184971
1813;2;38;0.0023121387;0.0439306358
1814;0;38;0;0.0439306358
1815;4;42;0.0046242775;0.0485549133
1816;2;44;0.0023121387;0.050867052
1817;1;45;0.0011560694;0.0520231214
1818;2;47;0.0023121387;0.0543352601
1819;2;49;0.0023121387;0.0566473988
1820;7;56;0.0080924855;0.0647398844
1821;1;57;0.0011560694;0.0658959538
1822;0;57;0;0.0658959538
1823;1;58;0.0011560694;0.0670520231
1824;0;58;0;0.0670520231
1825;5;63;0.0057803468;0.0728323699
1826;1;64;0.0011560694;0.0739884393
1827;2;66;0.0023121387;0.076300578
1828;0;66;0;0.076300578
1829;1;67;0.0011560694;0.0774566474
1830;3;70;0.0034682081;0.0809248555
1831;1;71;0.0011560694;0.0820809249
1832;1;72;0.0011560694;0.0832369942
1833;3;75;0.0034682081;0.0867052023
1834;2;77;0.0023121387;0.089017341
1835;5;82;0.0057803468;0.0947976879
1836;1;83;0.0011560694;0.0959537572
1837;1;84;0.0011560694;0.0971098266
1838;3;87;0.0034682081;0.1005780347
1839;3;90;0.0034682081;0.1040462428
1840;9;99;0.0104046243;0.1144508671
1841;0;99;0;0.1144508671
1842;0;99;0;0.1144508671
1843;1;100;0.0011560694;0.1156069364
1844;1;101;0.0011560694;0.1167630058
1845;1;102;0.0011560694;0.1179190751
1846;1;103;0.0011560694;0.1190751445
1847;0;103;0;0.1190751445
1848;1;104;0.0011560694;0.1202312139
1849;0;104;0;0.1202312139
1850;8;112;0.0092485549;0.1294797688
1851;0;112;0;0.1294797688
1852;2;114;0.0023121387;0.1317919075
1853;1;115;0.0011560694;0.1329479769
1854;0;115;0;0.1329479769
1855;6;121;0.0069364162;0.1398843931
1856;0;121;0;0.1398843931
1857;1;122;0.0011560694;0.1410404624
1858;1;123;0.0011560694;0.1421965318
1859;2;125;0.0023121387;0.1445086705
1860;6;131;0.0069364162;0.1514450867
1861;0;131;0;0.1514450867
1862;2;133;0.0023121387;0.1537572254
1863;0;133;0;0.1537572254
1864;2;135;0.0023121387;0.1560693642
1865;5;140;0.0057803468;0.161849711
1866;1;141;0.0011560694;0.1630057803
1867;3;144;0.0034682081;0.1664739884
1868;2;146;0.0023121387;0.1687861272
1869;0;146;0;0.1687861272
1870;6;152;0.0069364162;0.1757225434
1871;1;153;0.0011560694;0.1768786127
1872;2;155;0.0023121387;0.1791907514
1873;1;156;0.0011560694;0.1803468208
1874;1;157;0.0011560694;0.1815028902
1875;7;164;0.0080924855;0.1895953757
1876;0;164;0;0.1895953757
1877;1;165;0.0011560694;0.1907514451
1878;1;166;0.0011560694;0.1919075145
1879;1;167;0.0011560694;0.1930635838
1880;2;169;0.0023121387;0.1953757225
1881;2;171;0.0023121387;0.1976878613
1882;4;175;0.0046242775;0.2023121387
1883;0;175;0;0.2023121387
1884;1;176;0.0011560694;0.2034682081
1885;2;178;0.0023121387;0.2057803468
1886;2;180;0.0023121387;0.2080924855
1887;1;181;0.0011560694;0.2092485549
1888;1;182;0.0011560694;0.2104046243
1889;1;183;0.0011560694;0.2115606936
1890;5;188;0.0057803468;0.2173410405
1891;1;189;0.0011560694;0.2184971098
1892;4;193;0.0046242775;0.2231213873
1893;1;194;0.0011560694;0.2242774566
1894;1;195;0.0011560694;0.225433526
1895;4;199;0.0046242775;0.2300578035
1896;1;200;0.0011560694;0.2312138728
1897;0;200;0;0.2312138728
1898;1;201;0.0011560694;0.2323699422
1899;0;201;0;0.2323699422
1900;8;209;0.0092485549;0.2416184971
1901;0;209;0;0.2416184971
1902;0;209;0;0.2416184971
1903;2;211;0.0023121387;0.2439306358
1904;2;213;0.0023121387;0.2462427746
1905;6;219;0.0069364162;0.2531791908
1906;1;220;0.0011560694;0.2543352601
1907;1;221;0.0011560694;0.2554913295
1908;1;222;0.0011560694;0.2566473988
1909;1;223;0.0011560694;0.2578034682
1910;4;227;0.0046242775;0.2624277457
1911;0;227;0;0.2624277457
1912;0;227;0;0.2624277457
1913;2;229;0.0023121387;0.2647398844
1914;1;230;0.0011560694;0.2658959538
1915;5;235;0.0057803468;0.2716763006
1916;1;236;0.0011560694;0.2728323699
1917;0;236;0;0.2728323699
1918;1;237;0.0011560694;0.2739884393
1919;1;238;0.0011560694;0.2751445087
1920;7;245;0.0080924855;0.2832369942
1921;1;246;0.0011560694;0.2843930636
1922;0;246;0;0.2843930636
1923;1;247;0.0011560694;0.2855491329
1924;0;247;0;0.2855491329
1925;7;254;0.0080924855;0.2936416185
1926;1;255;0.0011560694;0.2947976879
1927;0;255;0;0.2947976879
1928;2;257;0.0023121387;0.2971098266
1929;1;258;0.0011560694;0.298265896
1930;9;267;0.0104046243;0.3086705202
1931;1;268;0.0011560694;0.3098265896
1932;0;268;0;0.3098265896
1933;0;268;0;0.3098265896
1934;0;268;0;0.3098265896
1935;5;273;0.0057803468;0.3156069364
1936;0;273;0;0.3156069364
1937;1;274;0.0011560694;0.3167630058
1938;0;274;0;0.3167630058
1939;0;274;0;0.3167630058
1940;6;280;0.0069364162;0.323699422
1941;0;280;0;0.323699422
1942;2;282;0.0023121387;0.3260115607
1943;2;284;0.0023121387;0.3283236994
1944;3;287;0.0034682081;0.3317919075
1945;2;289;0.0023121387;0.3341040462
1946;0;289;0;0.3341040462
1947;2;291;0.0023121387;0.336416185
1948;3;294;0.0034682081;0.3398843931
1949;0;294;0;0.3398843931
1950;6;300;0.0069364162;0.3468208092
1951;1;301;0.0011560694;0.3479768786
1952;1;302;0.0011560694;0.349132948
1953;0;302;0;0.349132948
1954;0;302;0;0.349132948
1955;4;306;0.0046242775;0.3537572254
1956;0;306;0;0.3537572254
1957;3;309;0.0034682081;0.3572254335
1958;0;309;0;0.3572254335
1959;0;309;0;0.3572254335
1960;3;312;0.0034682081;0.3606936416
1961;1;313;0.0011560694;0.361849711
1962;0;313;0;0.361849711
1963;2;315;0.0023121387;0.3641618497
1964;0;315;0;0.3641618497
1965;1;316;0.0011560694;0.3653179191
1966;0;316;0;0.3653179191
1967;0;316;0;0.3653179191
1968;1;317;0.0011560694;0.3664739884
1969;2;319;0.0023121387;0.3687861272
1970;6;325;0.0069364162;0.3757225434
1971;1;326;0.0011560694;0.3768786127
1972;1;327;0.0011560694;0.3780346821
1973;0;327;0;0.3780346821
1974;0;327;0;0.3780346821
1975;1;328;0.0011560694;0.3791907514
1976;1;329;0.0011560694;0.3803468208
1977;0;329;0;0.3803468208
1978;2;331;0.0023121387;0.3826589595
1979;0;331;0;0.3826589595
1980;3;334;0.0034682081;0.3861271676
1981;0;334;0;0.3861271676
1982;2;336;0.0023121387;0.3884393064
1983;2;338;0.0023121387;0.3907514451
1984;1;339;0.0011560694;0.3919075145
1985;3;342;0.0034682081;0.3953757225
1986;1;343;0.0011560694;0.3965317919
1987;3;346;0.0034682081;0.4
1988;0;346;0;0.4
1989;0;346;0;0.4
1990;8;354;0.0092485549;0.4092485549
1991;1;355;0.0011560694;0.4104046243
1992;1;356;0.0011560694;0.4115606936
1993;1;357;0.0011560694;0.412716763
1994;0;357;0;0.412716763
1995;6;363;0.0069364162;0.4196531792
1996;0;363;0;0.4196531792
1997;0;363;0;0.4196531792
1998;1;364;0.0011560694;0.4208092486
1999;0;364;0;0.4208092486
2000;9;373;0.0104046243;0.4312138728
2001;0;373;0;0.4312138728
2002;1;374;0.0011560694;0.4323699422
2003;1;375;0.0011560694;0.4335260116
2004;0;375;0;0.4335260116
2005;5;380;0.0057803468;0.4393063584
2006;4;384;0.0046242775;0.4439306358
2007;1;385;0.0011560694;0.4450867052
2008;1;386;0.0011560694;0.4462427746
2009;1;387;0.0011560694;0.4473988439
2010;7;394;0.0080924855;0.4554913295
2011;0;394;0;0.4554913295
2012;0;394;0;0.4554913295
2013;1;395;0.0011560694;0.4566473988
2014;1;396;0.0011560694;0.4578034682
2015;2;398;0.0023121387;0.4601156069
2016;0;398;0;0.4601156069
2017;1;399;0.0011560694;0.4612716763
2018;0;399;0;0.4612716763
2019;0;399;0;0.4612716763
2020;5;404;0.0057803468;0.4670520231
2021;0;404;0;0.4670520231
2022;1;405;0.0011560694;0.4682080925
2023;0;405;0;0.4682080925
2024;1;406;0.0011560694;0.4693641618
2025;9;415;0.0104046243;0.4797687861
2026;0;415;0;0.4797687861
2027;1;416;0.0011560694;0.4809248555
2028;1;417;0.0011560694;0.4820809249
2029;2;419;0.0023121387;0.4843930636
2030;1;420;0.0011560694;0.4855491329
2031;1;421;0.0011560694;0.4867052023
2032;0;421;0;0.4867052023
2033;3;424;0.0034682081;0.4901734104
2034;0;424;0;0.4901734104
2035;3;427;0.0034682081;0.4936416185
2036;0;427;0;0.4936416185
2037;2;429;0.0023121387;0.4959537572
2038;2;431;0.0023121387;0.498265896
2039;1;432;0.0011560694;0.4994219653
2040;4;436;0.0046242775;0.5040462428
2041;0;436;0;0.5040462428
2042;2;438;0.0023121387;0.5063583815
2043;1;439;0.0011560694;0.5075144509
2044;0;439;0;0.5075144509
2045;3;442;0.0034682081;0.510982659
2046;1;443;0.0011560694;0.5121387283
2047;2;445;0.0023121387;0.5144508671
2048;2;447;0.0023121387;0.5167630058
2049;1;448;0.0011560694;0.5179190751
2050;3;451;0.0034682081;0.5213872832
2051;1;452;0.0011560694;0.5225433526
2052;0;452;0;0.5225433526
2053;0;452;0;0.5225433526
2054;1;453;0.0011560694;0.523699422
2055;6;459;0.0069364162;0.5306358382
2056;2;461;0.0023121387;0.5329479769
2057;1;462;0.0011560694;0.5341040462
2058;0;462;0;0.5341040462
2059;0;462;0;0.5341040462
2060;5;467;0.0057803468;0.5398843931
2061;0;467;0;0.5398843931
2062;1;468;0.0011560694;0.5410404624
2063;0;468;0;0.5410404624
2064;0;468;0;0.5410404624
2065;6;474;0.0069364162;0.5479768786
2066;2;476;0.0023121387;0.5502890173
2067;1;477;0.0011560694;0.5514450867
2068;3;480;0.0034682081;0.5549132948
2069;0;480;0;0.5549132948
2070;3;483;0.0034682081;0.5583815029
2071;0;483;0;0.5583815029
2072;1;484;0.0011560694;0.5595375723
2073;0;484;0;0.5595375723
2074;0;484;0;0.5595375723
2075;4;488;0.0046242775;0.5641618497
2076;3;491;0.0034682081;0.5676300578
2077;1;492;0.0011560694;0.5687861272
2078;1;493;0.0011560694;0.5699421965
2079;3;496;0.0034682081;0.5734104046
2080;9;505;0.0104046243;0.5838150289
2081;2;507;0.0023121387;0.5861271676
2082;1;508;0.0011560694;0.587283237
2083;3;511;0.0034682081;0.5907514451
2084;0;511;0;0.5907514451
2085;3;514;0.0034682081;0.5942196532
2086;1;515;0.0011560694;0.5953757225
2087;0;515;0;0.5953757225
2088;1;516;0.0011560694;0.5965317919
2089;1;517;0.0011560694;0.5976878613
2090;5;522;0.0057803468;0.6034682081
2091;0;522;0;0.6034682081
2092;1;523;0.0011560694;0.6046242775
2093;0;523;0;0.6046242775
2094;0;523;0;0.6046242775
2095;2;525;0.0023121387;0.6069364162
2096;1;526;0.0011560694;0.6080924855
2097;1;527;0.0011560694;0.6092485549
2098;0;527;0;0.6092485549
2099;1;528;0.0011560694;0.6104046243
2100;3;531;0.0034682081;0.6138728324
2101;0;531;0;0.6138728324
2102;0;531;0;0.6138728324
2103;3;534;0.0034682081;0.6173410405
2104;0;534;0;0.6173410405
2105;4;538;0.0046242775;0.6219653179
2106;0;538;0;0.6219653179
2107;1;539;0.0011560694;0.6231213873
2108;2;541;0.0023121387;0.625433526
2109;1;542;0.0011560694;0.6265895954
2110;3;545;0.0034682081;0.6300578035
2111;0;545;0;0.6300578035
2112;0;545;0;0.6300578035
2113;2;547;0.0023121387;0.6323699422
2114;1;548;0.0011560694;0.6335260116
2115;0;548;0;0.6335260116
2116;2;550;0.0023121387;0.6358381503
2117;1;551;0.0011560694;0.6369942197
2118;2;553;0.0023121387;0.6393063584
2119;0;553;0;0.6393063584
2120;1;554;0.0011560694;0.6404624277
2121;0;554;0;0.6404624277
2122;0;554;0;0.6404624277
2123;1;555;0.0011560694;0.6416184971
2124;1;556;0.0011560694;0.6427745665
2125;4;560;0.0046242775;0.6473988439
2126;0;560;0;0.6473988439
2127;0;560;0;0.6473988439
2128;0;560;0;0.6473988439
2129;0;560;0;0.6473988439
2130;6;566;0.0069364162;0.6543352601
2131;0;566;0;0.6543352601
2132;0;566;0;0.6543352601
2133;0;566;0;0.6543352601
2134;0;566;0;0.6543352601
2135;4;570;0.0046242775;0.6589595376
2136;1;571;0.0011560694;0.6601156069
2137;0;571;0;0.6601156069
2138;0;571;0;0.6601156069
2139;0;571;0;0.6601156069
2140;2;573;0.0023121387;0.6624277457
2141;1;574;0.0011560694;0.663583815
2142;0;574;0;0.663583815
2143;0;574;0;0.663583815
2144;0;574;0;0.663583815
2145;2;576;0.0023121387;0.6658959538
2146;1;577;0.0011560694;0.6670520231
2147;2;579;0.0023121387;0.6693641618
2148;1;580;0.0011560694;0.6705202312
2149;0;580;0;0.6705202312
2150;4;584;0.0046242775;0.6751445087
2151;1;585;0.0011560694;0.676300578
2152;0;585;0;0.676300578
2153;1;586;0.0011560694;0.6774566474
2154;1;587;0.0011560694;0.6786127168
2155;4;591;0.0046242775;0.6832369942
2156;1;592;0.0011560694;0.6843930636
2157;0;592;0;0.6843930636
2158;1;593;0.0011560694;0.6855491329
2159;0;593;0;0.6855491329
2160;6;599;0.0069364162;0.6924855491
2161;1;600;0.0011560694;0.6936416185
2162;0;600;0;0.6936416185
2163;1;601;0.0011560694;0.6947976879
2164;0;601;0;0.6947976879
2165;7;608;0.0080924855;0.7028901734
2166;1;609;0.0011560694;0.7040462428
2167;1;610;0.0011560694;0.7052023121
2168;0;610;0;0.7052023121
2169;0;610;0;0.7052023121
2170;3;613;0.0034682081;0.7086705202
2171;0;613;0;0.7086705202
2172;2;615;0.0023121387;0.710982659
2173;1;616;0.0011560694;0.7121387283
2174;1;617;0.0011560694;0.7132947977
2175;0;617;0;0.7132947977
2176;0;617;0;0.7132947977
2177;0;617;0;0.7132947977
2178;0;617;0;0.7132947977
2179;1;618;0.0011560694;0.7144508671
2180;4;622;0.0046242775;0.7190751445
2181;0;622;0;0.7190751445
2182;0;622;0;0.7190751445
2183;0;622;0;0.7190751445
2184;0;622;0;0.7190751445
2185;3;625;0.0034682081;0.7225433526
2186;1;626;0.0011560694;0.723699422
2187;1;627;0.0011560694;0.7248554913
2188;1;628;0.0011560694;0.7260115607
2189;0;628;0;0.7260115607
2190;3;631;0.0034682081;0.7294797688
2191;0;631;0;0.7294797688
2192;0;631;0;0.7294797688
2193;0;631;0;0.7294797688
2194;1;632;0.0011560694;0.7306358382
2195;3;635;0.0034682081;0.7341040462
2196;0;635;0;0.7341040462
2197;1;636;0.0011560694;0.7352601156
2198;0;636;0;0.7352601156
2199;1;637;0.0011560694;0.736416185
2200;4;641;0.0046242775;0.7410404624
2201;1;642;0.0011560694;0.7421965318
2202;0;642;0;0.7421965318
2203;0;642;0;0.7421965318
2204;0;642;0;0.7421965318
2205;2;644;0.0023121387;0.7445086705
2206;0;644;0;0.7445086705
2207;0;644;0;0.7445086705
2208;1;645;0.0011560694;0.7456647399
2209;0;645;0;0.7456647399
2210;1;646;0.0011560694;0.7468208092
2211;0;646;0;0.7468208092
2212;1;647;0.0011560694;0.7479768786
2213;0;647;0;0.7479768786
2214;0;647;0;0.7479768786
2215;0;647;0;0.7479768786
2216;0;647;0;0.7479768786
2217;0;647;0;0.7479768786
2218;0;647;0;0.7479768786
2219;0;647;0;0.7479768786
2220;2;649;0.0023121387;0.7502890173
2221;1;650;0.0011560694;0.7514450867
2222;0;650;0;0.7514450867
2223;2;652;0.0023121387;0.7537572254
2224;0;652;0;0.7537572254
2225;2;654;0.0023121387;0.7560693642
2226;0;654;0;0.7560693642
2227;0;654;0;0.7560693642
2228;0;654;0;0.7560693642
2229;0;654;0;0.7560693642
2230;4;658;0.0046242775;0.7606936416
2231;0;658;0;0.7606936416
2232;0;658;0;0.7606936416
2233;1;659;0.0011560694;0.761849711
2234;2;661;0.0023121387;0.7641618497
2235;3;664;0.0034682081;0.7676300578
2236;1;665;0.0011560694;0.7687861272
2237;0;665;0;0.7687861272
2238;0;665;0;0.7687861272
2239;0;665;0;0.7687861272
2240;3;668;0.0034682081;0.7722543353
2241;0;668;0;0.7722543353
2242;0;668;0;0.7722543353
2243;0;668;0;0.7722543353
2244;0;668;0;0.7722543353
2245;1;669;0.0011560694;0.7734104046
2246;0;669;0;0.7734104046
2247;0;669;0;0.7734104046
2248;0;669;0;0.7734104046
2249;0;669;0;0.7734104046
2250;1;670;0.0011560694;0.774566474
2251;2;672;0.0023121387;0.7768786127
2252;0;672;0;0.7768786127
2253;0;672;0;0.7768786127
2254;1;673;0.0011560694;0.7780346821
2255;1;674;0.0011560694;0.7791907514
2256;1;675;0.0011560694;0.7803468208
2257;0;675;0;0.7803468208
2258;1;676;0.0011560694;0.7815028902
2259;1;677;0.0011560694;0.7826589595
2260;0;677;0;0.7826589595
2261;1;678;0.0011560694;0.7838150289
2262;1;679;0.0011560694;0.7849710983
2263;0;679;0;0.7849710983
2264;0;679;0;0.7849710983
2265;1;680;0.0011560694;0.7861271676
2266;0;680;0;0.7861271676
2267;0;680;0;0.7861271676
2268;0;680;0;0.7861271676
2269;0;680;0;0.7861271676
2270;1;681;0.0011560694;0.787283237
2271;1;682;0.0011560694;0.7884393064
2272;0;682;0;0.7884393064
2273;0;682;0;0.7884393064
2274;0;682;0;0.7884393064
2275;1;683;0.0011560694;0.7895953757
2276;0;683;0;0.7895953757
2277;1;684;0.0011560694;0.7907514451
2278;1;685;0.0011560694;0.7919075145
2279;1;686;0.0011560694;0.7930635838
2280;2;688;0.0023121387;0.7953757225
2281;0;688;0;0.7953757225
2282;0;688;0;0.7953757225
2283;0;688;0;0.7953757225
2284;0;688;0;0.7953757225
2285;0;688;0;0.7953757225
2286;0;688;0;0.7953757225
2287;0;688;0;0.7953757225
2288;1;689;0.0011560694;0.7965317919
2289;1;690;0.0011560694;0.7976878613
2290;0;690;0;0.7976878613
2291;0;690;0;0.7976878613
2292;1;691;0.0011560694;0.7988439306
2293;0;691;0;0.7988439306
2294;0;691;0;0.7988439306
2295;0;691;0;0.7988439306
2296;0;691;0;0.7988439306
2297;0;691;0;0.7988439306
2298;0;691;0;0.7988439306
2299;0;691;0;0.7988439306
2300;1;692;0.0011560694;0.8
2301;0;692;0;0.8
2302;2;694;0.0023121387;0.8023121387
2303;0;694;0;0.8023121387
2304;0;694;0;0.8023121387
2305;2;696;0.0023121387;0.8046242775
2306;0;696;0;0.8046242775
2307;0;696;0;0.8046242775
2308;0;696;0;0.8046242775
2309;0;696;0;0.8046242775
2310;0;696;0;0.8046242775
2311;1;697;0.0011560694;0.8057803468
2312;0;697;0;0.8057803468
2313;0;697;0;0.8057803468
2314;1;698;0.0011560694;0.8069364162
2315;3;701;0.0034682081;0.8104046243
2316;0;701;0;0.8104046243
2317;0;701;0;0.8104046243
2318;0;701;0;0.8104046243
2319;0;701;0;0.8104046243
2320;2;703;0.0023121387;0.812716763
2321;1;704;0.0011560694;0.8138728324
2322;1;705;0.0011560694;0.8150289017
2323;0;705;0;0.8150289017
2324;1;706;0.0011560694;0.8161849711
2325;3;709;0.0034682081;0.8196531792
2326;0;709;0;0.8196531792
2327;1;710;0.0011560694;0.8208092486
2328;0;710;0;0.8208092486
2329;0;710;0;0.8208092486
2330;2;712;0.0023121387;0.8231213873
2331;0;712;0;0.8231213873
2332;0;712;0;0.8231213873
2333;1;713;0.0011560694;0.8242774566
2334;0;713;0;0.8242774566
2335;3;716;0.0034682081;0.8277456647
2336;0;716;0;0.8277456647
2337;1;717;0.0011560694;0.8289017341
2338;0;717;0;0.8289017341
2339;0;717;0;0.8289017341
2340;3;720;0.0034682081;0.8323699422
2341;0;720;0;0.8323699422
2342;0;720;0;0.8323699422
2343;1;721;0.0011560694;0.8335260116
2344;1;722;0.0011560694;0.8346820809
2345;4;726;0.0046242775;0.8393063584
2346;0;726;0;0.8393063584
2347;0;726;0;0.8393063584
2348;1;727;0.0011560694;0.8404624277
2349;0;727;0;0.8404624277
2350;1;728;0.0011560694;0.8416184971
2351;0;728;0;0.8416184971
2352;0;728;0;0.8416184971
2353;0;728;0;0.8416184971
2354;0;728;0;0.8416184971
2355;2;730;0.0023121387;0.8439306358
2356;0;730;0;0.8439306358
2357;1;731;0.0011560694;0.8450867052
2358;0;731;0;0.8450867052
2359;0;731;0;0.8450867052
2360;1;732;0.0011560694;0.8462427746
2361;0;732;0;0.8462427746
2362;0;732;0;0.8462427746
2363;0;732;0;0.8462427746
2364;0;732;0;0.8462427746
2365;0;732;0;0.8462427746
2366;0;732;0;0.8462427746
2367;0;732;0;0.8462427746
2368;0;732;0;0.8462427746
2369;0;732;0;0.8462427746
2370;3;735;0.0034682081;0.8497109827
2371;0;735;0;0.8497109827
2372;0;735;0;0.8497109827
2373;0;735;0;0.8497109827
2374;0;735;0;0.8497109827
2375;0;735;0;0.8497109827
2376;0;735;0;0.8497109827
2377;0;735;0;0.8497109827
2378;0;735;0;0.8497109827
2379;1;736;0.0011560694;0.850867052
2380;0;736;0;0.850867052
2381;0;736;0;0.850867052
2382;0;736;0;0.850867052
2383;0;736;0;0.850867052
2384;0;736;0;0.850867052
2385;1;737;0.0011560694;0.8520231214
2386;0;737;0;0.8520231214
2387;0;737;0;0.8520231214
2388;0;737;0;0.8520231214
2389;0;737;0;0.8520231214
2390;0;737;0;0.8520231214
2391;0;737;0;0.8520231214
2392;1;738;0.0011560694;0.8531791908
2393;1;739;0.0011560694;0.8543352601
2394;0;739;0;0.8543352601
2395;1;740;0.0011560694;0.8554913295
2396;0;740;0;0.8554913295
2397;2;742;0.0023121387;0.8578034682
2398;1;743;0.0011560694;0.8589595376
2399;0;743;0;0.8589595376
2400;1;744;0.0011560694;0.8601156069
2401;0;744;0;0.8601156069
2402;0;744;0;0.8601156069
2403;0;744;0;0.8601156069
2404;1;745;0.0011560694;0.8612716763
2405;0;745;0;0.8612716763
2406;0;745;0;0.8612716763
2407;0;745;0;0.8612716763
2408;0;745;0;0.8612716763
2409;1;746;0.0011560694;0.8624277457
2410;2;748;0.0023121387;0.8647398844
2411;0;748;0;0.8647398844
2412;0;748;0;0.8647398844
2413;0;748;0;0.8647398844
2414;2;750;0.0023121387;0.8670520231
2415;1;751;0.0011560694;0.8682080925
2416;0;751;0;0.8682080925
2417;0;751;0;0.8682080925
2418;0;751;0;0.8682080925
2419;0;751;0;0.8682080925
2420;2;753;0.0023121387;0.8705202312
2421;0;753;0;0.8705202312
2422;0;753;0;0.8705202312
2423;1;754;0.0011560694;0.8716763006
2424;1;755;0.0011560694;0.8728323699
2425;0;755;0;0.8728323699
2426;1;756;0.0011560694;0.8739884393
2427;0;756;0;0.8739884393
2428;0;756;0;0.8739884393
2429;1;757;0.0011560694;0.8751445087
2430;0;757;0;0.8751445087
2431;0;757;0;0.8751445087
2432;1;758;0.0011560694;0.876300578
2433;0;758;0;0.876300578
2434;0;758;0;0.876300578
2435;3;761;0.0034682081;0.8797687861
2436;1;762;0.0011560694;0.8809248555
2437;0;762;0;0.8809248555
2438;0;762;0;0.8809248555
2439;0;762;0;0.8809248555
2440;3;765;0.0034682081;0.8843930636
2441;0;765;0;0.8843930636
2442;1;766;0.0011560694;0.8855491329
2443;0;766;0;0.8855491329
2444;1;767;0.0011560694;0.8867052023
2445;0;767;0;0.8867052023
2446;0;767;0;0.8867052023
2447;0;767;0;0.8867052023
2448;0;767;0;0.8867052023
2449;1;768;0.0011560694;0.8878612717
2450;1;769;0.0011560694;0.889017341
2451;0;769;0;0.889017341
2452;1;770;0.0011560694;0.8901734104
2453;0;770;0;0.8901734104
2454;1;771;0.0011560694;0.8913294798
2455;0;771;0;0.8913294798
2456;0;771;0;0.8913294798
2457;0;771;0;0.8913294798
2458;0;771;0;0.8913294798
2459;0;771;0;0.8913294798
2460;0;771;0;0.8913294798
2461;0;771;0;0.8913294798
2462;0;771;0;0.8913294798
2463;0;771;0;0.8913294798
2464;0;771;0;0.8913294798
2465;0;771;0;0.8913294798
2466;0;771;0;0.8913294798
2467;0;771;0;0.8913294798
2468;0;771;0;0.8913294798
2469;0;771;0;0.8913294798
2470;4;775;0.0046242775;0.8959537572
2471;0;775;0;0.8959537572
2472;0;775;0;0.8959537572
2473;1;776;0.0011560694;0.8971098266
2474;0;776;0;0.8971098266
2475;1;777;0.0011560694;0.898265896
2476;0;777;0;0.898265896
2477;1;778;0.0011560694;0.8994219653
2478;0;778;0;0.8994219653
2479;0;778;0;0.8994219653
2480;1;779;0.0011560694;0.9005780347
2481;0;779;0;0.9005780347
2482;0;779;0;0.9005780347
2483;0;779;0;0.9005780347
2484;0;779;0;0.9005780347
2485;1;780;0.0011560694;0.901734104
2486;1;781;0.0011560694;0.9028901734
2487;0;781;0;0.9028901734
2488;0;781;0;0.9028901734
2489;0;781;0;0.9028901734
2490;1;782;0.0011560694;0.9040462428
2491;1;783;0.0011560694;0.9052023121
2492;0;783;0;0.9052023121
2493;0;783;0;0.9052023121
2494;0;783;0;0.9052023121
2495;1;784;0.0011560694;0.9063583815
2496;0;784;0;0.9063583815
2497;1;785;0.0011560694;0.9075144509
2498;0;785;0;0.9075144509
2499;0;785;0;0.9075144509
2500;1;786;0.0011560694;0.9086705202
2501;0;786;0;0.9086705202
2502;0;786;0;0.9086705202
2503;0;786;0;0.9086705202
2504;0;786;0;0.9086705202
2505;0;786;0;0.9086705202
2506;0;786;0;0.9086705202
2507;0;786;0;0.9086705202
2508;0;786;0;0.9086705202
2509;1;787;0.0011560694;0.9098265896
2510;1;788;0.0011560694;0.910982659
2511;0;788;0;0.910982659
2512;0;788;0;0.910982659
2513;0;788;0;0.910982659
2514;0;788;0;0.910982659
2515;0;788;0;0.910982659
2516;1;789;0.0011560694;0.9121387283
2517;0;789;0;0.9121387283
2518;1;790;0.0011560694;0.9132947977
2519;0;790;0;0.9132947977
2520;1;791;0.0011560694;0.9144508671
2521;0;791;0;0.9144508671
2522;0;791;0;0.9144508671
2523;0;791;0;0.9144508671
2524;0;791;0;0.9144508671
2525;0;791;0;0.9144508671
2526;0;791;0;0.9144508671
2527;0;791;0;0.9144508671
2528;0;791;0;0.9144508671
2529;0;791;0;0.9144508671
2530;0;791;0;0.9144508671
2531;0;791;0;0.9144508671
2532;0;791;0;0.9144508671
2533;0;791;0;0.9144508671
2534;0;791;0;0.9144508671
2535;1;792;0.0011560694;0.9156069364
2536;0;792;0;0.9156069364
2537;0;792;0;0.9156069364
2538;1;793;0.0011560694;0.9167630058
2539;0;793;0;0.9167630058
2540;1;794;0.0011560694;0.9179190751
2541;0;794;0;0.9179190751
2542;0;794;0;0.9179190751
2543;0;794;0;0.9179190751
2544;0;794;0;0.9179190751
2545;1;795;0.0011560694;0.9190751445
2546;0;795;0;0.9190751445
2547;0;795;0;0.9190751445
2548;0;795;0;0.9190751445
2549;1;796;0.0011560694;0.9202312139
2550;1;797;0.0011560694;0.9213872832
2551;1;798;0.0011560694;0.9225433526
2552;0;798;0;0.9225433526
2553;0;798;0;0.9225433526
2554;0;798;0;0.9225433526
2555;0;798;0;0.9225433526
2556;0;798;0;0.9225433526
2557;0;798;0;0.9225433526
2558;0;798;0;0.9225433526
2559;0;798;0;0.9225433526
2560;0;798;0;0.9225433526
2561;0;798;0;0.9225433526
2562;0;798;0;0.9225433526
2563;0;798;0;0.9225433526
2564;0;798;0;0.9225433526
2565;0;798;0;0.9225433526
2566;0;798;0;0.9225433526
2567;1;799;0.0011560694;0.923699422
2568;0;799;0;0.923699422
2569;0;799;0;0.923699422
2570;0;799;0;0.923699422
2571;0;799;0;0.923699422
2572;0;799;0;0.923699422
2573;1;800;0.0011560694;0.9248554913
2574;0;800;0;0.9248554913
2575;1;801;0.0011560694;0.9260115607
2576;0;801;0;0.9260115607
2577;0;801;0;0.9260115607
2578;0;801;0;0.9260115607
2579;0;801;0;0.9260115607
2580;1;802;0.0011560694;0.9271676301
2581;0;802;0;0.9271676301
2582;0;802;0;0.9271676301
2583;0;802;0;0.9271676301
2584;0;802;0;0.9271676301
2585;1;803;0.0011560694;0.9283236994
2586;0;803;0;0.9283236994
2587;0;803;0;0.9283236994
2588;0;803;0;0.9283236994
2589;1;804;0.0011560694;0.9294797688
2590;0;804;0;0.9294797688
2591;0;804;0;0.9294797688
2592;0;804;0;0.9294797688
2593;0;804;0;0.9294797688
2594;1;805;0.0011560694;0.9306358382
2595;0;805;0;0.9306358382
2596;0;805;0;0.9306358382
2597;0;805;0;0.9306358382
2598;0;805;0;0.9306358382
2599;0;805;0;0.9306358382
2600;1;806;0.0011560694;0.9317919075
2601;0;806;0;0.9317919075
2602;1;807;0.0011560694;0.9329479769
2603;0;807;0;0.9329479769
2604;0;807;0;0.9329479769
2605;0;807;0;0.9329479769
2606;0;807;0;0.9329479769
2607;1;808;0.0011560694;0.9341040462
2608;0;808;0;0.9341040462
2609;0;808;0;0.9341040462
2610;0;808;0;0.9341040462
2611;0;808;0;0.9341040462
2612;0;808;0;0.9341040462
2613;0;808;0;0.9341040462
2614;1;809;0.0011560694;0.9352601156
2615;1;810;0.0011560694;0.936416185
2616;0;810;0;0.936416185
2617;0;810;0;0.936416185
2618;0;810;0;0.936416185
2619;0;810;0;0.936416185
2620;0;810;0;0.936416185
2621;0;810;0;0.936416185
2622;0;810;0;0.936416185
2623;0;810;0;0.936416185
2624;0;810;0;0.936416185
2625;1;811;0.0011560694;0.9375722543
2626;0;811;0;0.9375722543
2627;0;811;0;0.9375722543
2628;0;811;0;0.9375722543
2629;0;811;0;0.9375722543
2630;0;811;0;0.9375722543
2631;0;811;0;0.9375722543
2632;0;811;0;0.9375722543
2633;0;811;0;0.9375722543
2634;0;811;0;0.9375722543
2635;0;811;0;0.9375722543
2636;0;811;0;0.9375722543
2637;1;812;0.0011560694;0.9387283237
2638;0;812;0;0.9387283237
2639;0;812;0;0.9387283237
2640;0;812;0;0.9387283237
2641;0;812;0;0.9387283237
2642;0;812;0;0.9387283237
2643;0;812;0;0.9387283237
2644;1;813;0.0011560694;0.9398843931
2645;0;813;0;0.9398843931
2646;0;813;0;0.9398843931
2647;0;813;0;0.9398843931
2648;0;813;0;0.9398843931
2649;0;813;0;0.9398843931
2650;0;813;0;0.9398843931
2651;0;813;0;0.9398843931
2652;0;813;0;0.9398843931
2653;0;813;0;0.9398843931
2654;0;813;0;0.9398843931
2655;0;813;0;0.9398843931
2656;0;813;0;0.9398843931
2657;0;813;0;0.9398843931
2658;0;813;0;0.9398843931
2659;0;813;0;0.9398843931
2660;2;815;0.0023121387;0.9421965318
2661;0;815;0;0.9421965318
2662;0;815;0;0.9421965318
2663;0;815;0;0.9421965318
2664;0;815;0;0.9421965318
2665;0;815;0;0.9421965318
2666;0;815;0;0.9421965318
2667;0;815;0;0.9421965318
2668;0;815;0;0.9421965318
2669;0;815;0;0.9421965318
2670;2;817;0.0023121387;0.9445086705
2671;0;817;0;0.9445086705
2672;1;818;0.0011560694;0.9456647399
2673;0;818;0;0.9456647399
2674;0;818;0;0.9456647399
2675;1;819;0.0011560694;0.9468208092
2676;0;819;0;0.9468208092
2677;0;819;0;0.9468208092
2678;0;819;0;0.9468208092
2679;0;819;0;0.9468208092
2680;0;819;0;0.9468208092
2681;0;819;0;0.9468208092
2682;0;819;0;0.9468208092
2683;0;819;0;0.9468208092
2684;0;819;0;0.9468208092
2685;1;820;0.0011560694;0.9479768786
2686;0;820;0;0.9479768786
2687;0;820;0;0.9479768786
2688;0;820;0;0.9479768786
2689;0;820;0;0.9479768786
2690;1;821;0.0011560694;0.949132948
2691;1;822;0.0011560694;0.9502890173
2692;0;822;0;0.9502890173
2693;1;823;0.0011560694;0.9514450867
2694;0;823;0;0.9514450867
2695;1;824;0.0011560694;0.9526011561
2696;0;824;0;0.9526011561
2697;0;824;0;0.9526011561
2698;0;824;0;0.9526011561
2699;0;824;0;0.9526011561
2700;0;824;0;0.9526011561
2701;0;824;0;0.9526011561
2702;0;824;0;0.9526011561
2703;0;824;0;0.9526011561
2704;1;825;0.0011560694;0.9537572254
2705;0;825;0;0.9537572254
2706;0;825;0;0.9537572254
2707;0;825;0;0.9537572254
2708;0;825;0;0.9537572254
2709;0;825;0;0.9537572254
2710;0;825;0;0.9537572254
2711;0;825;0;0.9537572254
2712;0;825;0;0.9537572254
2713;1;826;0.0011560694;0.9549132948
2714;0;826;0;0.9549132948
2715;0;826;0;0.9549132948
2716;0;826;0;0.9549132948
2717;0;826;0;0.9549132948
2718;0;826;0;0.9549132948
2719;0;826;0;0.9549132948
2720;0;826;0;0.9549132948
2721;0;826;0;0.9549132948
2722;0;826;0;0.9549132948
2723;0;826;0;0.9549132948
2724;0;826;0;0.9549132948
2725;0;826;0;0.9549132948
2726;0;826;0;0.9549132948
2727;0;826;0;0.9549132948
2728;0;826;0;0.9549132948
2729;0;826;0;0.9549132948
2730;0;826;0;0.9549132948
2731;0;826;0;0.9549132948
2732;0;826;0;0.9549132948
2733;0;826;0;0.9549132948
2734;0;826;0;0.9549132948
2735;0;826;0;0.9549132948
2736;0;826;0;0.9549132948
2737;0;826;0;0.9549132948
2738;0;826;0;0.9549132948
2739;1;827;0.0011560694;0.9560693642
2740;0;827;0;0.9560693642
2741;0;827;0;0.9560693642
2742;0;827;0;0.9560693642
2743;0;827;0;0.9560693642
2744;0;827;0;0.9560693642
2745;0;827;0;0.9560693642
2746;1;828;0.0011560694;0.9572254335
2747;0;828;0;0.9572254335
2748;0;828;0;0.9572254335
2749;0;828;0;0.9572254335
2750;0;828;0;0.9572254335
2751;0;828;0;0.9572254335
2752;0;828;0;0.9572254335
2753;0;828;0;0.9572254335
2754;0;828;0;0.9572254335
2755;1;829;0.0011560694;0.9583815029
2756;0;829;0;0.9583815029
2757;0;829;0;0.9583815029
2758;0;829;0;0.9583815029
2759;0;829;0;0.9583815029
2760;0;829;0;0.9583815029
2761;0;829;0;0.9583815029
2762;0;829;0;0.9583815029
2763;0;829;0;0.9583815029
2764;0;829;0;0.9583815029
2765;0;829;0;0.9583815029
2766;0;829;0;0.9583815029
2767;0;829;0;0.9583815029
2768;0;829;0;0.9583815029
2769;0;829;0;0.9583815029
2770;0;829;0;0.9583815029
2771;0;829;0;0.9583815029
2772;0;829;0;0.9583815029
2773;0;829;0;0.9583815029
2774;1;830;0.0011560694;0.9595375723
2775;0;830;0;0.9595375723
2776;0;830;0;0.9595375723
2777;0;830;0;0.9595375723
2778;0;830;0;0.9595375723
2779;0;830;0;0.9595375723
2780;1;831;0.0011560694;0.9606936416
2781;0;831;0;0.9606936416
2782;0;831;0;0.9606936416
2783;0;831;0;0.9606936416
2784;0;831;0;0.9606936416
2785;0;831;0;0.9606936416
2786;0;831;0;0.9606936416
2787;0;831;0;0.9606936416
2788;0;831;0;0.9606936416
2789;0;831;0;0.9606936416
2790;0;831;0;0.9606936416
2791;0;831;0;0.9606936416
2792;0;831;0;0.9606936416
2793;0;831;0;0.9606936416
2794;0;831;0;0.9606936416
2795;0;831;0;0.9606936416
2796;0;831;0;0.9606936416
2797;0;831;0;0.9606936416
2798;0;831;0;0.9606936416
2799;0;831;0;0.9606936416
2800;2;833;0.0023121387;0.9630057803
2801;0;833;0;0.9630057803
2802;0;833;0;0.9630057803
2803;0;833;0;0.9630057803
2804;0;833;0;0.9630057803
2805;1;834;0.0011560694;0.9641618497
2806;0;834;0;0.9641618497
2807;0;834;0;0.9641618497
2808;0;834;0;0.9641618497
2809;0;834;0;0.9641618497
2810;0;834;0;0.9641618497
2811;0;834;0;0.9641618497
2812;0;834;0;0.9641618497
2813;0;834;0;0.9641618497
2814;0;834;0;0.9641618497
2815;0;834;0;0.9641618497
2816;0;834;0;0.9641618497
2817;0;834;0;0.9641618497
2818;0;834;0;0.9641618497
2819;0;834;0;0.9641618497
2820;0;834;0;0.9641618497
2821;0;834;0;0.9641618497
2822;0;834;0;0.9641618497
2823;0;834;0;0.9641618497
2824;0;834;0;0.9641618497
2825;2;836;0.0023121387;0.9664739884
2826;0;836;0;0.9664739884
2827;0;836;0;0.9664739884
2828;0;836;0;0.9664739884
2829;0;836;0;0.9664739884
2830;0;836;0;0.9664739884
2831;0;836;0;0.9664739884
2832;0;836;0;0.9664739884
2833;0;836;0;0.9664739884
2834;0;836;0;0.9664739884
2835;1;837;0.0011560694;0.9676300578
2836;0;837;0;0.9676300578
2837;0;837;0;0.9676300578
2838;0;837;0;0.9676300578
2839;0;837;0;0.9676300578
2840;0;837;0;0.9676300578
2841;0;837;0;0.9676300578
2842;0;837;0;0.9676300578
2843;0;837;0;0.9676300578
2844;0;837;0;0.9676300578
2845;0;837;0;0.9676300578
2846;0;837;0;0.9676300578
2847;0;837;0;0.9676300578
2848;0;837;0;0.9676300578
2849;0;837;0;0.9676300578
2850;0;837;0;0.9676300578
2851;0;837;0;0.9676300578
2852;0;837;0;0.9676300578
2853;0;837;0;0.9676300578
2854;0;837;0;0.9676300578
2855;0;837;0;0.9676300578
2856;1;838;0.0011560694;0.9687861272
2857;0;838;0;0.9687861272
2858;0;838;0;0.9687861272
2859;0;838;0;0.9687861272
2860;0;838;0;0.9687861272
2861;0;838;0;0.9687861272
2862;1;839;0.0011560694;0.9699421965
2863;0;839;0;0.9699421965
2864;0;839;0;0.9699421965
2865;0;839;0;0.9699421965
2866;0;839;0;0.9699421965
2867;0;839;0;0.9699421965
2868;0;839;0;0.9699421965
2869;0;839;0;0.9699421965
2870;1;840;0.0011560694;0.9710982659
2871;0;840;0;0.9710982659
2872;0;840;0;0.9710982659
2873;0;840;0;0.9710982659
2874;0;840;0;0.9710982659
2875;0;840;0;0.9710982659
2876;0;840;0;0.9710982659
2877;0;840;0;0.9710982659
2878;0;840;0;0.9710982659
2879;0;840;0;0.9710982659
2880;0;840;0;0.9710982659
2881;0;840;0;0.9710982659
2882;0;840;0;0.9710982659
2883;0;840;0;0.9710982659
2884;0;840;0;0.9710982659
2885;0;840;0;0.9710982659
2886;0;840;0;0.9710982659
2887;0;840;0;0.9710982659
2888;0;840;0;0.9710982659
2889;0;840;0;0.9710982659
2890;0;840;0;0.9710982659
2891;0;840;0;0.9710982659
2892;0;840;0;0.9710982659
2893;0;840;0;0.9710982659
2894;0;840;0;0.9710982659
2895;0;840;0;0.9710982659
2896;0;840;0;0.9710982659
2897;0;840;0;0.9710982659
2898;0;840;0;0.9710982659
2899;0;840;0;0.9710982659
2900;0;840;0;0.9710982659
2901;0;840;0;0.9710982659
2902;0;840;0;0.9710982659
2903;0;840;0;0.9710982659
2904;0;840;0;0.9710982659
2905;0;840;0;0.9710982659
2906;0;840;0;0.9710982659
2907;0;840;0;0.9710982659
2908;0;840;0;0.9710982659
2909;0;840;0;0.9710982659
2910;0;840;0;0.9710982659
2911;0;840;0;0.9710982659
2912;0;840;0;0.9710982659
2913;1;841;0.0011560694;0.9722543353
2914;0;841;0;0.9722543353
2915;0;841;0;0.9722543353
2916;0;841;0;0.9722543353
2917;0;841;0;0.9722543353
2918;0;841;0;0.9722543353
2919;0;841;0;0.9722543353
2920;0;841;0;0.9722543353
2921;0;841;0;0.9722543353
2922;1;842;0.0011560694;0.9734104046
2923;0;842;0;0.9734104046
2924;0;842;0;0.9734104046
2925;1;843;0.0011560694;0.974566474
2926;0;843;0;0.974566474
2927;0;843;0;0.974566474
2928;0;843;0;0.974566474
2929;0;843;0;0.974566474
2930;0;843;0;0.974566474
2931;0;843;0;0.974566474
2932;0;843;0;0.974566474
2933;0;843;0;0.974566474
2934;0;843;0;0.974566474
2935;0;843;0;0.974566474
2936;0;843;0;0.974566474
2937;0;843;0;0.974566474
2938;0;843;0;0.974566474
2939;0;843;0;0.974566474
2940;0;843;0;0.974566474
2941;0;843;0;0.974566474
2942;0;843;0;0.974566474
2943;0;843;0;0.974566474
2944;0;843;0;0.974566474
2945;0;843;0;0.974566474
2946;0;843;0;0.974566474
2947;0;843;0;0.974566474
2948;0;843;0;0.974566474
2949;0;843;0;0.974566474
2950;0;843;0;0.974566474
2951;0;843;0;0.974566474
2952;0;843;0;0.974566474
2953;0;843;0;0.974566474
2954;0;843;0;0.974566474
2955;0;843;0;0.974566474
2956;0;843;0;0.974566474
2957;0;843;0;0.974566474
2958;1;844;0.0011560694;0.9757225434
2959;0;844;0;0.9757225434
2960;0;844;0;0.9757225434
2961;0;844;0;0.9757225434
2962;0;844;0;0.9757225434
2963;0;844;0;0.9757225434
2964;0;844;0;0.9757225434
2965;0;844;0;0.9757225434
2966;0;844;0;0.9757225434
2967;0;844;0;0.9757225434
2968;0;844;0;0.9757225434
2969;0;844;0;0.9757225434
2970;0;844;0;0.9757225434
2971;0;844;0;0.9757225434
2972;0;844;0;0.9757225434
2973;0;844;0;0.9757225434
2974;0;844;0;0.9757225434
2975;0;844;0;0.9757225434
2976;0;844;0;0.9757225434
2977;0;844;0;0.9757225434
2978;0;844;0;0.9757225434
2979;0;844;0;0.9757225434
2980;0;844;0;0.9757225434
2981;0;844;0;0.9757225434
2982;0;844;0;0.9757225434
2983;0;844;0;0.9757225434
2984;0;844;0;0.9757225434
2985;1;845;0.0011560694;0.9768786127
2986;0;845;0;0.9768786127
2987;0;845;0;0.9768786127
2988;0;845;0;0.9768786127
2989;0;845;0;0.9768786127
2990;0;845;0;0.9768786127
2991;0;845;0;0.9768786127
2992;0;845;0;0.9768786127
2993;0;845;0;0.9768786127
2994;0;845;0;0.9768786127
2995;0;845;0;0.9768786127
2996;0;845;0;0.9768786127
2997;0;845;0;0.9768786127
2998;0;845;0;0.9768786127
2999;0;845;0;0.9768786127
3000;0;845;0;0.9768786127
3001;0;845;0;0.9768786127
3002;0;845;0;0.9768786127
3003;0;845;0;0.9768786127
3004;0;845;0;0.9768786127
3005;0;845;0;0.9768786127
3006;0;845;0;0.9768786127
3007;0;845;0;0.9768786127
3008;0;845;0;0.9768786127
3009;0;845;0;0.9768786127
3010;0;845;0;0.9768786127
3011;0;845;0;0.9768786127
3012;0;845;0;0.9768786127
3013;0;845;0;0.9768786127
3014;0;845;0;0.9768786127
3015;1;846;0.0011560694;0.9780346821
3016;0;846;0;0.9780346821
3017;0;846;0;0.9780346821
3018;0;846;0;0.9780346821
3019;0;846;0;0.9780346821
3020;0;846;0;0.9780346821
3021;0;846;0;0.9780346821
3022;0;846;0;0.9780346821
3023;0;846;0;0.9780346821
3024;0;846;0;0.9780346821
3025;0;846;0;0.9780346821
3026;0;846;0;0.9780346821
3027;0;846;0;0.9780346821
3028;0;846;0;0.9780346821
3029;0;846;0;0.9780346821
3030;0;846;0;0.9780346821
3031;0;846;0;0.9780346821
3032;0;846;0;0.9780346821
3033;0;846;0;0.9780346821
3034;0;846;0;0.9780346821
3035;0;846;0;0.9780346821
3036;0;846;0;0.9780346821
3037;0;846;0;0.9780346821
3038;0;846;0;0.9780346821
3039;1;847;0.0011560694;0.9791907514
3040;1;848;0.0011560694;0.9803468208
3041;0;848;0;0.9803468208
3042;0;848;0;0.9803468208
3043;0;848;0;0.9803468208
3044;0;848;0;0.9803468208
3045;1;849;0.0011560694;0.9815028902
3046;0;849;0;0.9815028902
3047;0;849;0;0.9815028902
3048;0;849;0;0.9815028902
3049;0;849;0;0.9815028902
3050;0;849;0;0.9815028902
3051;1;850;0.0011560694;0.9826589595
3052;0;850;0;0.9826589595
3053;0;850;0;0.9826589595
3054;0;850;0;0.9826589595
3055;1;851;0.0011560694;0.9838150289
3056;0;851;0;0.9838150289
3057;0;851;0;0.9838150289
3058;0;851;0;0.9838150289
3059;0;851;0;0.9838150289
3060;0;851;0;0.9838150289
3061;0;851;0;0.9838150289
3062;0;851;0;0.9838150289
3063;0;851;0;0.9838150289
3064;0;851;0;0.9838150289
3065;0;851;0;0.9838150289
3066;0;851;0;0.9838150289
3067;0;851;0;0.9838150289
3068;0;851;0;0.9838150289
3069;0;851;0;0.9838150289
3070;0;851;0;0.9838150289
3071;0;851;0;0.9838150289
3072;0;851;0;0.9838150289
3073;0;851;0;0.9838150289
3074;0;851;0;0.9838150289
3075;0;851;0;0.9838150289
3076;0;851;0;0.9838150289
3077;0;851;0;0.9838150289
3078;0;851;0;0.9838150289
3079;0;851;0;0.9838150289
3080;0;851;0;0.9838150289
3081;0;851;0;0.9838150289
3082;0;851;0;0.9838150289
3083;0;851;0;0.9838150289
3084;0;851;0;0.9838150289
3085;0;851;0;0.9838150289
3086;0;851;0;0.9838150289
3087;0;851;0;0.9838150289
3088;0;851;0;0.9838150289
3089;0;851;0;0.9838150289
3090;0;851;0;0.9838150289
3091;1;852;0.0011560694;0.9849710983
3092;0;852;0;0.9849710983
3093;0;852;0;0.9849710983
3094;0;852;0;0.9849710983
3095;0;852;0;0.9849710983
3096;0;852;0;0.9849710983
3097;0;852;0;0.9849710983
3098;0;852;0;0.9849710983
3099;0;852;0;0.9849710983
3100;0;852;0;0.9849710983
3101;0;852;0;0.9849710983
3102;0;852;0;0.9849710983
3103;0;852;0;0.9849710983
3104;0;852;0;0.9849710983
3105;0;852;0;0.9849710983
3106;0;852;0;0.9849710983
3107;0;852;0;0.9849710983
3108;0;852;0;0.9849710983
3109;0;852;0;0.9849710983
3110;0;852;0;0.9849710983
3111;0;852;0;0.9849710983
3112;0;852;0;0.9849710983
3113;0;852;0;0.9849710983
3114;0;852;0;0.9849710983
3115;0;852;0;0.9849710983
3116;0;852;0;0.9849710983
3117;0;852;0;0.9849710983
3118;0;852;0;0.9849710983
3119;0;852;0;0.9849710983
3120;0;852;0;0.9849710983
3121;0;852;0;0.9849710983
3122;0;852;0;0.9849710983
3123;0;852;0;0.9849710983
3124;0;852;0;0.9849710983
3125;0;852;0;0.9849710983
3126;0;852;0;0.9849710983
3127;0;852;0;0.9849710983
3128;0;852;0;0.9849710983
3129;0;852;0;0.9849710983
3130;0;852;0;0.9849710983
3131;0;852;0;0.9849710983
3132;0;852;0;0.9849710983
3133;0;852;0;0.9849710983
3134;0;852;0;0.9849710983
3135;0;852;0;0.9849710983
3136;0;852;0;0.9849710983
3137;0;852;0;0.9849710983
3138;0;852;0;0.9849710983
3139;0;852;0;0.9849710983
3140;0;852;0;0.9849710983
3141;0;852;0;0.9849710983
3142;0;852;0;0.9849710983
3143;0;852;0;0.9849710983
3144;0;852;0;0.9849710983
3145;0;852;0;0.9849710983
3146;0;852;0;0.9849710983
3147;0;852;0;0.9849710983
3148;0;852;0;0.9849710983
3149;0;852;0;0.9849710983
3150;0;852;0;0.9849710983
3151;0;852;0;0.9849710983
3152;0;852;0;0.9849710983
3153;0;852;0;0.9849710983
3154;0;852;0;0.9849710983
3155;0;852;0;0.9849710983
3156;0;852;0;0.9849710983
3157;0;852;0;0.9849710983
3158;0;852;0;0.9849710983
3159;0;852;0;0.9849710983
3160;0;852;0;0.9849710983
3161;0;852;0;0.9849710983
3162;0;852;0;0.9849710983
3163;0;852;0;0.9849710983
3164;0;852;0;0.9849710983
3165;0;852;0;0.9849710983
3166;0;852;0;0.9849710983
3167;0;852;0;0.9849710983
3168;0;852;0;0.9849710983
3169;0;852;0;0.9849710983
3170;0;852;0;0.9849710983
3171;0;852;0;0.9849710983
3172;0;852;0;0.9849710983
3173;0;852;0;0.9849710983
3174;0;852;0;0.9849710983
3175;0;852;0;0.9849710983
3176;0;852;0;0.9849710983
3177;0;852;0;0.9849710983
3178;0;852;0;0.9849710983
3179;0;852;0;0.9849710983
3180;0;852;0;0.9849710983
3181;0;852;0;0.9849710983
3182;0;852;0;0.9849710983
3183;0;852;0;0.9849710983
3184;1;853;0.0011560694;0.9861271676
3185;0;853;0;0.9861271676
3186;1;854;0.0011560694;0.987283237
3187;0;854;0;0.987283237
3188;0;854;0;0.987283237
3189;0;854;0;0.987283237
3190;0;854;0;0.987283237
3191;1;855;0.0011560694;0.9884393064
3192;0;855;0;0.9884393064
3193;0;855;0;0.9884393064
3194;0;855;0;0.9884393064
3195;0;855;0;0.9884393064
3196;0;855;0;0.9884393064
3197;0;855;0;0.9884393064
3198;0;855;0;0.9884393064
3199;0;855;0;0.9884393064
3200;0;855;0;0.9884393064
3201;0;855;0;0.9884393064
3202;0;855;0;0.9884393064
3203;0;855;0;0.9884393064
3204;0;855;0;0.9884393064
3205;0;855;0;0.9884393064
3206;0;855;0;0.9884393064
3207;0;855;0;0.9884393064
3208;0;855;0;0.9884393064
3209;0;855;0;0.9884393064
3210;0;855;0;0.9884393064
3211;0;855;0;0.9884393064
3212;0;855;0;0.9884393064
3213;0;855;0;0.9884393064
3214;0;855;0;0.9884393064
3215;0;855;0;0.9884393064
3216;0;855;0;0.9884393064
3217;0;855;0;0.9884393064
3218;0;855;0;0.9884393064
3219;0;855;0;0.9884393064
3220;0;855;0;0.9884393064
3221;0;855;0;0.9884393064
3222;0;855;0;0.9884393064
3223;0;855;0;0.9884393064
3224;0;855;0;0.9884393064
3225;0;855;0;0.9884393064
3226;0;855;0;0.9884393064
3227;0;855;0;0.9884393064
3228;0;855;0;0.9884393064
3229;0;855;0;0.9884393064
3230;0;855;0;0.9884393064
3231;0;855;0;0.9884393064
3232;0;855;0;0.9884393064
3233;0;855;0;0.9884393064
3234;0;855;0;0.9884393064
3235;0;855;0;0.9884393064
3236;0;855;0;0.9884393064
3237;0;855;0;0.9884393064
3238;0;855;0;0.9884393064
3239;0;855;0;0.9884393064
3240;0;855;0;0.9884393064
3241;0;855;0;0.9884393064
3242;0;855;0;0.9884393064
3243;0;855;0;0.9884393064
3244;0;855;0;0.9884393064
3245;0;855;0;0.9884393064
3246;0;855;0;0.9884393064
3247;0;855;0;0.9884393064
3248;0;855;0;0.9884393064
3249;0;855;0;0.9884393064
3250;0;855;0;0.9884393064
3251;0;855;0;0.9884393064
3252;0;855;0;0.9884393064
3253;0;855;0;0.9884393064
3254;0;855;0;0.9884393064
3255;0;855;0;0.9884393064
3256;0;855;0;0.9884393064
3257;0;855;0;0.9884393064
3258;0;855;0;0.9884393064
3259;0;855;0;0.9884393064
3260;0;855;0;0.9884393064
3261;0;855;0;0.9884393064
3262;0;855;0;0.9884393064
3263;0;855;0;0.9884393064
3264;0;855;0;0.9884393064
3265;0;855;0;0.9884393064
3266;0;855;0;0.9884393064
3267;0;855;0;0.9884393064
3268;0;855;0;0.9884393064
3269;0;855;0;0.9884393064
3270;0;855;0;0.9884393064
3271;0;855;0;0.9884393064
3272;0;855;0;0.9884393064
3273;0;855;0;0.9884393064
3274;0;855;0;0.9884393064
3275;0;855;0;0.9884393064
3276;0;855;0;0.9884393064
3277;0;855;0;0.9884393064
3278;0;855;0;0.9884393064
3279;0;855;0;0.9884393064
3280;0;855;0;0.9884393064
3281;0;855;0;0.9884393064
3282;0;855;0;0.9884393064
3283;0;855;0;0.9884393064
3284;0;855;0;0.9884393064
3285;0;855;0;0.9884393064
3286;0;855;0;0.9884393064
3287;0;855;0;0.9884393064
3288;0;855;0;0.9884393064
3289;0;855;0;0.9884393064
3290;0;855;0;0.9884393064
3291;0;855;0;0.9884393064
3292;0;855;0;0.9884393064
3293;0;855;0;0.9884393064
3294;0;855;0;0.9884393064
3295;0;855;0;0.9884393064
3296;1;856;0.0011560694;0.9895953757
3297;0;856;0;0.9895953757
3298;0;856;0;0.9895953757
3299;0;856;0;0.9895953757
3300;0;856;0;0.9895953757
3301;0;856;0;0.9895953757
3302;0;856;0;0.9895953757
3303;0;856;0;0.9895953757
3304;0;856;0;0.9895953757
3305;0;856;0;0.9895953757
3306;0;856;0;0.9895953757
3307;0;856;0;0.9895953757
3308;0;856;0;0.9895953757
3309;0;856;0;0.9895953757
3310;0;856;0;0.9895953757
3311;0;856;0;0.9895953757
3312;0;856;0;0.9895953757
3313;0;856;0;0.9895953757
3314;0;856;0;0.9895953757
3315;0;856;0;0.9895953757
3316;0;856;0;0.9895953757
3317;0;856;0;0.9895953757
3318;0;856;0;0.9895953757
3319;0;856;0;0.9895953757
3320;0;856;0;0.9895953757
3321;0;856;0;0.9895953757
3322;0;856;0;0.9895953757
3323;0;856;0;0.9895953757
3324;0;856;0;0.9895953757
3325;0;856;0;0.9895953757
3326;0;856;0;0.9895953757
3327;0;856;0;0.9895953757
3328;0;856;0;0.9895953757
3329;0;856;0;0.9895953757
3330;0;856;0;0.9895953757
3331;0;856;0;0.9895953757
3332;0;856;0;0.9895953757
3333;0;856;0;0.9895953757
3334;0;856;0;0.9895953757
3335;0;856;0;0.9895953757
3336;0;856;0;0.9895953757
3337;0;856;0;0.9895953757
3338;0;856;0;0.9895953757
3339;0;856;0;0.9895953757
3340;0;856;0;0.9895953757
3341;0;856;0;0.9895953757
3342;0;856;0;0.9895953757
3343;0;856;0;0.9895953757
3344;0;856;0;0.9895953757
3345;0;856;0;0.9895953757
3346;0;856;0;0.9895953757
3347;0;856;0;0.9895953757
3348;0;856;0;0.9895953757
3349;0;856;0;0.9895953757
3350;0;856;0;0.9895953757
3351;0;856;0;0.9895953757
3352;0;856;0;0.9895953757
3353;0;856;0;0.9895953757
3354;0;856;0;0.9895953757
3355;0;856;0;0.9895953757
3356;0;856;0;0.9895953757
3357;0;856;0;0.9895953757
3358;0;856;0;0.9895953757
3359;1;857;0.0011560694;0.9907514451
3360;0;857;0;0.9907514451
3361;0;857;0;0.9907514451
3362;0;857;0;0.9907514451
3363;0;857;0;0.9907514451
3364;0;857;0;0.9907514451
3365;1;858;0.0011560694;0.9919075145
3366;0;858;0;0.9919075145
3367;0;858;0;0.9919075145
3368;0;858;0;0.9919075145
3369;0;858;0;0.9919075145
3370;0;858;0;0.9919075145
3371;1;859;0.0011560694;0.9930635838
3372;0;859;0;0.9930635838
3373;0;859;0;0.9930635838
3374;0;859;0;0.9930635838
3375;0;859;0;0.9930635838
3376;0;859;0;0.9930635838
3377;0;859;0;0.9930635838
3378;0;859;0;0.9930635838
3379;0;859;0;0.9930635838
3380;0;859;0;0.9930635838
3381;0;859;0;0.9930635838
3382;0;859;0;0.9930635838
3383;0;859;0;0.9930635838
3384;0;859;0;0.9930635838
3385;0;859;0;0.9930635838
3386;0;859;0;0.9930635838
3387;0;859;0;0.9930635838
3388;0;859;0;0.9930635838
3389;0;859;0;0.9930635838
3390;0;859;0;0.9930635838
3391;0;859;0;0.9930635838
3392;0;859;0;0.9930635838
3393;0;859;0;0.9930635838
3394;0;859;0;0.9930635838
3395;0;859;0;0.9930635838
3396;0;859;0;0.9930635838
3397;0;859;0;0.9930635838
3398;0;859;0;0.9930635838
3399;0;859;0;0.9930635838
3400;0;859;0;0.9930635838
3401;0;859;0;0.9930635838
3402;0;859;0;0.9930635838
3403;0;859;0;0.9930635838
3404;0;859;0;0.9930635838
3405;0;859;0;0.9930635838
3406;0;859;0;0.9930635838
3407;0;859;0;0.9930635838
3408;0;859;0;0.9930635838
3409;0;859;0;0.9930635838
3410;0;859;0;0.9930635838
3411;0;859;0;0.9930635838
3412;0;859;0;0.9930635838
3413;0;859;0;0.9930635838
3414;0;859;0;0.9930635838
3415;0;859;0;0.9930635838
3416;0;859;0;0.9930635838
3417;0;859;0;0.9930635838
3418;0;859;0;0.9930635838
3419;0;859;0;0.9930635838
3420;0;859;0;0.9930635838
3421;0;859;0;0.9930635838
3422;0;859;0;0.9930635838
3423;0;859;0;0.9930635838
3424;0;859;0;0.9930635838
3425;0;859;0;0.9930635838
3426;0;859;0;0.9930635838
3427;0;859;0;0.9930635838
3428;0;859;0;0.9930635838
3429;0;859;0;0.9930635838
3430;0;859;0;0.9930635838
3431;0;859;0;0.9930635838
3432;0;859;0;0.9930635838
3433;0;859;0;0.9930635838
3434;0;859;0;0.9930635838
3435;0;859;0;0.9930635838
3436;0;859;0;0.9930635838
3437;0;859;0;0.9930635838
3438;0;859;0;0.9930635838
3439;0;859;0;0.9930635838
3440;0;859;0;0.9930635838
3441;0;859;0;0.9930635838
3442;0;859;0;0.9930635838
3443;0;859;0;0.9930635838
3444;0;859;0;0.9930635838
3445;0;859;0;0.9930635838
3446;0;859;0;0.9930635838
3447;0;859;0;0.9930635838
3448;0;859;0;0.9930635838
3449;0;859;0;0.9930635838
3450;0;859;0;0.9930635838
3451;0;859;0;0.9930635838
3452;0;859;0;0.9930635838
3453;0;859;0;0.9930635838
3454;0;859;0;0.9930635838
3455;0;859;0;0.9930635838
3456;0;859;0;0.9930635838
3457;0;859;0;0.9930635838
3458;0;859;0;0.9930635838
3459;0;859;0;0.9930635838
3460;0;859;0;0.9930635838
3461;0;859;0;0.9930635838
3462;0;859;0;0.9930635838
3463;0;859;0;0.9930635838
3464;0;859;0;0.9930635838
3465;0;859;0;0.9930635838
3466;0;859;0;0.9930635838
3467;0;859;0;0.9930635838
3468;0;859;0;0.9930635838
3469;0;859;0;0.9930635838
3470;0;859;0;0.9930635838
3471;0;859;0;0.9930635838
3472;0;859;0;0.9930635838
3473;0;859;0;0.9930635838
3474;0;859;0;0.9930635838
3475;0;859;0;0.9930635838
3476;0;859;0;0.9930635838
3477;0;859;0;0.9930635838
3478;0;859;0;0.9930635838
3479;0;859;0;0.9930635838
3480;0;859;0;0.9930635838
3481;1;860;0.0011560694;0.9942196532
3482;0;860;0;0.9942196532
3483;0;860;0;0.9942196532
3484;0;860;0;0.9942196532
3485;0;860;0;0.9942196532
3486;0;860;0;0.9942196532
3487;0;860;0;0.9942196532
3488;0;860;0;0.9942196532
3489;0;860;0;0.9942196532
3490;0;860;0;0.9942196532
3491;0;860;0;0.9942196532
3492;0;860;0;0.9942196532
3493;0;860;0;0.9942196532
3494;0;860;0;0.9942196532
3495;0;860;0;0.9942196532
3496;0;860;0;0.9942196532
3497;0;860;0;0.9942196532
3498;0;860;0;0.9942196532
3499;0;860;0;0.9942196532
3500;0;860;0;0.9942196532
3501;0;860;0;0.9942196532
3502;0;860;0;0.9942196532
3503;0;860;0;0.9942196532
3504;0;860;0;0.9942196532
3505;0;860;0;0.9942196532
3506;0;860;0;0.9942196532
3507;0;860;0;0.9942196532
3508;0;860;0;0.9942196532
3509;0;860;0;0.9942196532
3510;0;860;0;0.9942196532
3511;0;860;0;0.9942196532
3512;0;860;0;0.9942196532
3513;0;860;0;0.9942196532
3514;0;860;0;0.9942196532
3515;0;860;0;0.9942196532
3516;0;860;0;0.9942196532
3517;0;860;0;0.9942196532
3518;0;860;0;0.9942196532
3519;0;860;0;0.9942196532
3520;0;860;0;0.9942196532
3521;0;860;0;0.9942196532
3522;0;860;0;0.9942196532
3523;0;860;0;0.9942196532
3524;0;860;0;0.9942196532
3525;0;860;0;0.9942196532
3526;0;860;0;0.9942196532
3527;0;860;0;0.9942196532
3528;0;860;0;0.9942196532
3529;0;860;0;0.9942196532
3530;0;860;0;0.9942196532
3531;0;860;0;0.9942196532
3532;0;860;0;0.9942196532
3533;0;860;0;0.9942196532
3534;0;860;0;0.9942196532
3535;0;860;0;0.9942196532
3536;0;860;0;0.9942196532
3537;0;860;0;0.9942196532
3538;0;860;0;0.9942196532
3539;0;860;0;0.9942196532
3540;0;860;0;0.9942196532
3541;0;860;0;0.9942196532
3542;0;860;0;0.9942196532
3543;0;860;0;0.9942196532
3544;0;860;0;0.9942196532
3545;0;860;0;0.9942196532
3546;0;860;0;0.9942196532
3547;0;860;0;0.9942196532
3548;0;860;0;0.9942196532
3549;0;860;0;0.9942196532
3550;0;860;0;0.9942196532
3551;0;860;0;0.9942196532
3552;0;860;0;0.9942196532
3553;0;860;0;0.9942196532
3554;0;860;0;0.9942196532
3555;0;860;0;0.9942196532
3556;0;860;0;0.9942196532
3557;0;860;0;0.9942196532
3558;0;860;0;0.9942196532
3559;0;860;0;0.9942196532
3560;0;860;0;0.9942196532
3561;0;860;0;0.9942196532
3562;0;860;0;0.9942196532
3563;0;860;0;0.9942196532
3564;0;860;0;0.9942196532
3565;0;860;0;0.9942196532
3566;0;860;0;0.9942196532
3567;0;860;0;0.9942196532
3568;0;860;0;0.9942196532
3569;0;860;0;0.9942196532
3570;0;860;0;0.9942196532
3571;0;860;0;0.9942196532
3572;0;860;0;0.9942196532
3573;0;860;0;0.9942196532
3574;0;860;0;0.9942196532
3575;0;860;0;0.9942196532
3576;0;860;0;0.9942196532
3577;0;860;0;0.9942196532
3578;0;860;0;0.9942196532
3579;0;860;0;0.9942196532
3580;0;860;0;0.9942196532
3581;0;860;0;0.9942196532
3582;0;860;0;0.9942196532
3583;0;860;0;0.9942196532
3584;0;860;0;0.9942196532
3585;0;860;0;0.9942196532
3586;0;860;0;0.9942196532
3587;0;860;0;0.9942196532
3588;0;860;0;0.9942196532
3589;0;860;0;0.9942196532
3590;0;860;0;0.9942196532
3591;0;860;0;0.9942196532
3592;0;860;0;0.9942196532
3593;0;860;0;0.9942196532
3594;0;860;0;0.9942196532
3595;0;860;0;0.9942196532
3596;0;860;0;0.9942196532
3597;0;860;0;0.9942196532
3598;0;860;0;0.9942196532
3599;0;860;0;0.9942196532
3600;0;860;0;0.9942196532
3601;0;860;0;0.9942196532
3602;0;860;0;0.9942196532
3603;0;860;0;0.9942196532
3604;0;860;0;0.9942196532
3605;1;861;0.0011560694;0.9953757225
3606;0;861;0;0.9953757225
3607;0;861;0;0.9953757225
3608;0;861;0;0.9953757225
3609;0;861;0;0.9953757225
3610;0;861;0;0.9953757225
3611;0;861;0;0.9953757225
3612;0;861;0;0.9953757225
3613;0;861;0;0.9953757225
3614;0;861;0;0.9953757225
3615;0;861;0;0.9953757225
3616;0;861;0;0.9953757225
3617;0;861;0;0.9953757225
3618;0;861;0;0.9953757225
3619;0;861;0;0.9953757225
3620;0;861;0;0.9953757225
3621;0;861;0;0.9953757225
3622;0;861;0;0.9953757225
3623;0;861;0;0.9953757225
3624;0;861;0;0.9953757225
3625;0;861;0;0.9953757225
3626;0;861;0;0.9953757225
3627;0;861;0;0.9953757225
3628;0;861;0;0.9953757225
3629;0;861;0;0.9953757225
3630;0;861;0;0.9953757225
3631;0;861;0;0.9953757225
3632;0;861;0;0.9953757225
3633;0;861;0;0.9953757225
3634;0;861;0;0.9953757225
3635;0;861;0;0.9953757225
3636;0;861;0;0.9953757225
3637;0;861;0;0.9953757225
3638;0;861;0;0.9953757225
3639;0;861;0;0.9953757225
3640;0;861;0;0.9953757225
3641;0;861;0;0.9953757225
3642;0;861;0;0.9953757225
3643;0;861;0;0.9953757225
3644;0;861;0;0.9953757225
3645;0;861;0;0.9953757225
3646;0;861;0;0.9953757225
3647;0;861;0;0.9953757225
3648;0;861;0;0.9953757225
3649;0;861;0;0.9953757225
3650;1;862;0.0011560694;0.9965317919
3651;0;862;0;0.9965317919
3652;0;862;0;0.9965317919
3653;0;862;0;0.9965317919
3654;0;862;0;0.9965317919
3655;0;862;0;0.9965317919
3656;0;862;0;0.9965317919
3657;0;862;0;0.9965317919
3658;0;862;0;0.9965317919
3659;0;862;0;0.9965317919
3660;0;862;0;0.9965317919
3661;0;862;0;0.9965317919
3662;0;862;0;0.9965317919
3663;0;862;0;0.9965317919
3664;0;862;0;0.9965317919
3665;0;862;0;0.9965317919
3666;0;862;0;0.9965317919
3667;0;862;0;0.9965317919
3668;0;862;0;0.9965317919
3669;0;862;0;0.9965317919
3670;0;862;0;0.9965317919
3671;0;862;0;0.9965317919
3672;0;862;0;0.9965317919
3673;0;862;0;0.9965317919
3674;0;862;0;0.9965317919
3675;0;862;0;0.9965317919
3676;0;862;0;0.9965317919
3677;0;862;0;0.9965317919
3678;0;862;0;0.9965317919
3679;0;862;0;0.9965317919
3680;0;862;0;0.9965317919
3681;0;862;0;0.9965317919
3682;0;862;0;0.9965317919
3683;0;862;0;0.9965317919
3684;0;862;0;0.9965317919
3685;0;862;0;0.9965317919
3686;0;862;0;0.9965317919
3687;0;862;0;0.9965317919
3688;0;862;0;0.9965317919
3689;0;862;0;0.9965317919
3690;0;862;0;0.9965317919
3691;0;862;0;0.9965317919
3692;0;862;0;0.9965317919
3693;0;862;0;0.9965317919
3694;0;862;0;0.9965317919
3695;0;862;0;0.9965317919
3696;0;862;0;0.9965317919
3697;0;862;0;0.9965317919
3698;0;862;0;0.9965317919
3699;0;862;0;0.9965317919
3700;0;862;0;0.9965317919
3701;0;862;0;0.9965317919
3702;0;862;0;0.9965317919
3703;0;862;0;0.9965317919
3704;0;862;0;0.9965317919
3705;0;862;0;0.9965317919
3706;0;862;0;0.9965317919
3707;0;862;0;0.9965317919
3708;0;862;0;0.9965317919
3709;0;862;0;0.9965317919
3710;0;862;0;0.9965317919
3711;0;862;0;0.9965317919
3712;0;862;0;0.9965317919
3713;0;862;0;0.9965317919
3714;0;862;0;0.9965317919
3715;0;862;0;0.9965317919
3716;0;862;0;0.9965317919
3717;0;862;0;0.9965317919
3718;0;862;0;0.9965317919
3719;0;862;0;0.9965317919
3720;0;862;0;0.9965317919
3721;0;862;0;0.9965317919
3722;0;862;0;0.9965317919
3723;0;862;0;0.9965317919
3724;0;862;0;0.9965317919
3725;0;862;0;0.9965317919
3726;0;862;0;0.9965317919
3727;0;862;0;0.9965317919
3728;0;862;0;0.9965317919
3729;0;862;0;0.9965317919
3730;0;862;0;0.9965317919
3731;0;862;0;0.9965317919
3732;0;862;0;0.9965317919
3733;0;862;0;0.9965317919
3734;0;862;0;0.9965317919
3735;0;862;0;0.9965317919
3736;0;862;0;0.9965317919
3737;0;862;0;0.9965317919
3738;0;862;0;0.9965317919
3739;0;862;0;0.9965317919
3740;0;862;0;0.9965317919
3741;0;862;0;0.9965317919
3742;0;862;0;0.9965317919
3743;0;862;0;0.9965317919
3744;0;862;0;0.9965317919
3745;0;862;0;0.9965317919
3746;0;862;0;0.9965317919
3747;0;862;0;0.9965317919
3748;0;862;0;0.9965317919
3749;0;862;0;0.9965317919
3750;0;862;0;0.9965317919
3751;0;862;0;0.9965317919
3752;0;862;0;0.9965317919
3753;0;862;0;0.9965317919
3754;0;862;0;0.9965317919
3755;0;862;0;0.9965317919
3756;0;862;0;0.9965317919
3757;0;862;0;0.9965317919
3758;0;862;0;0.9965317919
3759;0;862;0;0.9965317919
3760;0;862;0;0.9965317919
3761;0;862;0;0.9965317919
3762;0;862;0;0.9965317919
3763;0;862;0;0.9965317919
3764;0;862;0;0.9965317919
3765;0;862;0;0.9965317919
3766;0;862;0;0.9965317919
3767;0;862;0;0.9965317919
3768;0;862;0;0.9965317919
3769;0;862;0;0.9965317919
3770;0;862;0;0.9965317919
3771;0;862;0;0.9965317919
3772;0;862;0;0.9965317919
3773;0;862;0;0.9965317919
3774;0;862;0;0.9965317919
3775;0;862;0;0.9965317919
3776;0;862;0;0.9965317919
3777;0;862;0;0.9965317919
3778;0;862;0;0.9965317919
3779;0;862;0;0.9965317919
3780;0;862;0;0.9965317919
3781;0;862;0;0.9965317919
3782;0;862;0;0.9965317919
3783;0;862;0;0.9965317919
3784;0;862;0;0.9965317919
3785;0;862;0;0.9965317919
3786;0;862;0;0.9965317919
3787;0;862;0;0.9965317919
3788;0;862;0;0.9965317919
3789;0;862;0;0.9965317919
3790;0;862;0;0.9965317919
3791;0;862;0;0.9965317919
3792;0;862;0;0.9965317919
3793;0;862;0;0.9965317919
3794;0;862;0;0.9965317919
3795;0;862;0;0.9965317919
3796;0;862;0;0.9965317919
3797;0;862;0;0.9965317919
3798;0;862;0;0.9965317919
3799;0;862;0;0.9965317919
3800;0;862;0;0.9965317919
3801;0;862;0;0.9965317919
3802;0;862;0;0.9965317919
3803;0;862;0;0.9965317919
3804;0;862;0;0.9965317919
3805;0;862;0;0.9965317919
3806;0;862;0;0.9965317919
3807;0;862;0;0.9965317919
3808;0;862;0;0.9965317919
3809;0;862;0;0.9965317919
3810;0;862;0;0.9965317919
3811;0;862;0;0.9965317919
3812;0;862;0;0.9965317919
3813;0;862;0;0.9965317919
3814;0;862;0;0.9965317919
3815;0;862;0;0.9965317919
3816;0;862;0;0.9965317919
3817;0;862;0;0.9965317919
3818;0;862;0;0.9965317919
3819;0;862;0;0.9965317919
3820;0;862;0;0.9965317919
3821;0;862;0;0.9965317919
3822;0;862;0;0.9965317919
3823;0;862;0;0.9965317919
3824;0;862;0;0.9965317919
3825;0;862;0;0.9965317919
3826;0;862;0;0.9965317919
3827;0;862;0;0.9965317919
3828;0;862;0;0.9965317919
3829;0;862;0;0.9965317919
3830;0;862;0;0.9965317919
3831;0;862;0;0.9965317919
3832;0;862;0;0.9965317919
3833;0;862;0;0.9965317919
3834;0;862;0;0.9965317919
3835;0;862;0;0.9965317919
3836;0;862;0;0.9965317919
3837;0;862;0;0.9965317919
3838;0;862;0;0.9965317919
3839;0;862;0;0.9965317919
3840;0;862;0;0.9965317919
3841;0;862;0;0.9965317919
3842;0;862;0;0.9965317919
3843;0;862;0;0.9965317919
3844;0;862;0;0.9965317919
3845;0;862;0;0.9965317919
3846;0;862;0;0.9965317919
3847;0;862;0;0.9965317919
3848;0;862;0;0.9965317919
3849;0;862;0;0.9965317919
3850;0;862;0;0.9965317919
3851;0;862;0;0.9965317919
3852;0;862;0;0.9965317919
3853;0;862;0;0.9965317919
3854;0;862;0;0.9965317919
3855;0;862;0;0.9965317919
3856;0;862;0;0.9965317919
3857;0;862;0;0.9965317919
3858;0;862;0;0.9965317919
3859;0;862;0;0.9965317919
3860;0;862;0;0.9965317919
3861;0;862;0;0.9965317919
3862;0;862;0;0.9965317919
3863;0;862;0;0.9965317919
3864;0;862;0;0.9965317919
3865;0;862;0;0.9965317919
3866;0;862;0;0.9965317919
3867;0;862;0;0.9965317919
3868;0;862;0;0.9965317919
3869;0;862;0;0.9965317919
3870;0;862;0;0.9965317919
3871;0;862;0;0.9965317919
3872;0;862;0;0.9965317919
3873;0;862;0;0.9965317919
3874;0;862;0;0.9965317919
3875;0;862;0;0.9965317919
3876;0;862;0;0.9965317919
3877;0;862;0;0.9965317919
3878;0;862;0;0.9965317919
3879;0;862;0;0.9965317919
3880;0;862;0;0.9965317919
3881;0;862;0;0.9965317919
3882;0;862;0;0.9965317919
3883;0;862;0;0.9965317919
3884;0;862;0;0.9965317919
3885;0;862;0;0.9965317919
3886;0;862;0;0.9965317919
3887;0;862;0;0.9965317919
3888;0;862;0;0.9965317919
3889;0;862;0;0.9965317919
3890;0;862;0;0.9965317919
3891;0;862;0;0.9965317919
3892;0;862;0;0.9965317919
3893;0;862;0;0.9965317919
3894;0;862;0;0.9965317919
3895;0;862;0;0.9965317919
3896;0;862;0;0.9965317919
3897;0;862;0;0.9965317919
3898;0;862;0;0.9965317919
3899;0;862;0;0.9965317919
3900;0;862;0;0.9965317919
3901;0;862;0;0.9965317919
3902;0;862;0;0.9965317919
3903;0;862;0;0.9965317919
3904;0;862;0;0.9965317919
3905;0;862;0;0.9965317919
3906;0;862;0;0.9965317919
3907;0;862;0;0.9965317919
3908;0;862;0;0.9965317919
3909;0;862;0;0.9965317919
3910;0;862;0;0.9965317919
3911;0;862;0;0.9965317919
3912;0;862;0;0.9965317919
3913;0;862;0;0.9965317919
3914;0;862;0;0.9965317919
3915;0;862;0;0.9965317919
3916;0;862;0;0.9965317919
3917;0;862;0;0.9965317919
3918;0;862;0;0.9965317919
3919;0;862;0;0.9965317919
3920;0;862;0;0.9965317919
3921;0;862;0;0.9965317919
3922;0;862;0;0.9965317919
3923;0;862;0;0.9965317919
3924;0;862;0;0.9965317919
3925;0;862;0;0.9965317919
3926;0;862;0;0.9965317919
3927;0;862;0;0.9965317919
3928;0;862;0;0.9965317919
3929;0;862;0;0.9965317919
3930;0;862;0;0.9965317919
3931;0;862;0;0.9965317919
3932;0;862;0;0.9965317919
3933;0;862;0;0.9965317919
3934;0;862;0;0.9965317919
3935;0;862;0;0.9965317919
3936;0;862;0;0.9965317919
3937;0;862;0;0.9965317919
3938;0;862;0;0.9965317919
3939;0;862;0;0.9965317919
3940;0;862;0;0.9965317919
3941;0;862;0;0.9965317919
3942;0;862;0;0.9965317919
3943;0;862;0;0.9965317919
3944;0;862;0;0.9965317919
3945;0;862;0;0.9965317919
3946;0;862;0;0.9965317919
3947;0;862;0;0.9965317919
3948;0;862;0;0.9965317919
3949;0;862;0;0.9965317919
3950;0;862;0;0.9965317919
3951;0;862;0;0.9965317919
3952;0;862;0;0.9965317919
3953;0;862;0;0.9965317919
3954;0;862;0;0.9965317919
3955;0;862;0;0.9965317919
3956;0;862;0;0.9965317919
3957;0;862;0;0.9965317919
3958;0;862;0;0.9965317919
3959;0;862;0;0.9965317919
3960;0;862;0;0.9965317919
3961;0;862;0;0.9965317919
3962;0;862;0;0.9965317919
3963;0;862;0;0.9965317919
3964;0;862;0;0.9965317919
3965;0;862;0;0.9965317919
3966;0;862;0;0.9965317919
3967;0;862;0;0.9965317919
3968;0;862;0;0.9965317919
3969;0;862;0;0.9965317919
3970;0;862;0;0.9965317919
3971;0;862;0;0.9965317919
3972;0;862;0;0.9965317919
3973;0;862;0;0.9965317919
3974;0;862;0;0.9965317919
3975;0;862;0;0.9965317919
3976;0;862;0;0.9965317919
3977;0;862;0;0.9965317919
3978;0;862;0;0.9965317919
3979;0;862;0;0.9965317919
3980;0;862;0;0.9965317919
3981;0;862;0;0.9965317919
3982;0;862;0;0.9965317919
3983;0;862;0;0.9965317919
3984;0;862;0;0.9965317919
3985;0;862;0;0.9965317919
3986;0;862;0;0.9965317919
3987;0;862;0;0.9965317919
3988;0;862;0;0.9965317919
3989;0;862;0;0.9965317919
3990;0;862;0;0.9965317919
3991;0;862;0;0.9965317919
3992;0;862;0;0.9965317919
3993;0;862;0;0.9965317919
3994;0;862;0;0.9965317919
3995;0;862;0;0.9965317919
3996;0;862;0;0.9965317919
3997;0;862;0;0.9965317919
3998;0;862;0;0.9965317919
3999;0;862;0;0.9965317919
4000;0;862;0;0.9965317919
4001;0;862;0;0.9965317919
4002;0;862;0;0.9965317919
4003;0;862;0;0.9965317919
4004;0;862;0;0.9965317919
4005;0;862;0;0.9965317919
4006;0;862;0;0.9965317919
4007;0;862;0;0.9965317919
4008;0;862;0;0.9965317919
4009;0;862;0;0.9965317919
4010;0;862;0;0.9965317919
4011;0;862;0;0.9965317919
4012;0;862;0;0.9965317919
4013;0;862;0;0.9965317919
4014;0;862;0;0.9965317919
4015;0;862;0;0.9965317919
4016;0;862;0;0.9965317919
4017;0;862;0;0.9965317919
4018;0;862;0;0.9965317919
4019;0;862;0;0.9965317919
4020;0;862;0;0.9965317919
4021;0;862;0;0.9965317919
4022;0;862;0;0.9965317919
4023;0;862;0;0.9965317919
4024;0;862;0;0.9965317919
4025;0;862;0;0.9965317919
4026;0;862;0;0.9965317919
4027;0;862;0;0.9965317919
4028;0;862;0;0.9965317919
4029;0;862;0;0.9965317919
4030;0;862;0;0.9965317919
4031;0;862;0;0.9965317919
4032;0;862;0;0.9965317919
4033;0;862;0;0.9965317919
4034;0;862;0;0.9965317919
4035;0;862;0;0.9965317919
4036;0;862;0;0.9965317919
4037;0;862;0;0.9965317919
4038;0;862;0;0.9965317919
4039;0;862;0;0.9965317919
4040;0;862;0;0.9965317919
4041;0;862;0;0.9965317919
4042;0;862;0;0.9965317919
4043;0;862;0;0.9965317919
4044;0;862;0;0.9965317919
4045;0;862;0;0.9965317919
4046;0;862;0;0.9965317919
4047;0;862;0;0.9965317919
4048;0;862;0;0.9965317919
4049;0;862;0;0.9965317919
4050;0;862;0;0.9965317919
4051;0;862;0;0.9965317919
4052;0;862;0;0.9965317919
4053;0;862;0;0.9965317919
4054;0;862;0;0.9965317919
4055;0;862;0;0.9965317919
4056;0;862;0;0.9965317919
4057;0;862;0;0.9965317919
4058;0;862;0;0.9965317919
4059;0;862;0;0.9965317919
4060;0;862;0;0.9965317919
4061;0;862;0;0.9965317919
4062;0;862;0;0.9965317919
4063;0;862;0;0.9965317919
4064;0;862;0;0.9965317919
4065;0;862;0;0.9965317919
4066;0;862;0;0.9965317919
4067;0;862;0;0.9965317919
4068;0;862;0;0.9965317919
4069;0;862;0;0.9965317919
4070;0;862;0;0.9965317919
4071;0;862;0;0.9965317919
4072;0;862;0;0.9965317919
4073;0;862;0;0.9965317919
4074;0;862;0;0.9965317919
4075;0;862;0;0.9965317919
4076;0;862;0;0.9965317919
4077;0;862;0;0.9965317919
4078;0;862;0;0.9965317919
4079;0;862;0;0.9965317919
4080;1;863;0.0011560694;0.9976878613
4081;0;863;0;0.9976878613
4082;0;863;0;0.9976878613
4083;0;863;0;0.9976878613
4084;0;863;0;0.9976878613
4085;0;863;0;0.9976878613
4086;0;863;0;0.9976878613
4087;0;863;0;0.9976878613
4088;0;863;0;0.9976878613
4089;0;863;0;0.9976878613
4090;0;863;0;0.9976878613
4091;0;863;0;0.9976878613
4092;0;863;0;0.9976878613
4093;0;863;0;0.9976878613
4094;0;863;0;0.9976878613
4095;0;863;0;0.9976878613
4096;0;863;0;0.9976878613
4097;0;863;0;0.9976878613
4098;0;863;0;0.9976878613
4099;0;863;0;0.9976878613
4100;0;863;0;0.9976878613
4101;0;863;0;0.9976878613
4102;0;863;0;0.9976878613
4103;0;863;0;0.9976878613
4104;0;863;0;0.9976878613
4105;0;863;0;0.9976878613
4106;0;863;0;0.9976878613
4107;0;863;0;0.9976878613
4108;0;863;0;0.9976878613
4109;0;863;0;0.9976878613
4110;0;863;0;0.9976878613
4111;0;863;0;0.9976878613
4112;0;863;0;0.9976878613
4113;0;863;0;0.9976878613
4114;0;863;0;0.9976878613
4115;0;863;0;0.9976878613
4116;0;863;0;0.9976878613
4117;0;863;0;0.9976878613
4118;0;863;0;0.9976878613
4119;0;863;0;0.9976878613
4120;0;863;0;0.9976878613
4121;0;863;0;0.9976878613
4122;0;863;0;0.9976878613
4123;0;863;0;0.9976878613
4124;0;863;0;0.9976878613
4125;0;863;0;0.9976878613
4126;0;863;0;0.9976878613
4127;0;863;0;0.9976878613
4128;0;863;0;0.9976878613
4129;0;863;0;0.9976878613
4130;0;863;0;0.9976878613
4131;0;863;0;0.9976878613
4132;0;863;0;0.9976878613
4133;0;863;0;0.9976878613
4134;0;863;0;0.9976878613
4135;0;863;0;0.9976878613
4136;0;863;0;0.9976878613
4137;0;863;0;0.9976878613
4138;0;863;0;0.9976878613
4139;0;863;0;0.9976878613
4140;0;863;0;0.9976878613
4141;0;863;0;0.9976878613
4142;0;863;0;0.9976878613
4143;0;863;0;0.9976878613
4144;0;863;0;0.9976878613
4145;0;863;0;0.9976878613
4146;0;863;0;0.9976878613
4147;0;863;0;0.9976878613
4148;0;863;0;0.9976878613
4149;0;863;0;0.9976878613
4150;0;863;0;0.9976878613
4151;0;863;0;0.9976878613
4152;0;863;0;0.9976878613
4153;0;863;0;0.9976878613
4154;0;863;0;0.9976878613
4155;0;863;0;0.9976878613
4156;0;863;0;0.9976878613
4157;0;863;0;0.9976878613
4158;0;863;0;0.9976878613
4159;0;863;0;0.9976878613
4160;0;863;0;0.9976878613
4161;0;863;0;0.9976878613
4162;0;863;0;0.9976878613
4163;0;863;0;0.9976878613
4164;0;863;0;0.9976878613
4165;0;863;0;0.9976878613
4166;0;863;0;0.9976878613
4167;0;863;0;0.9976878613
4168;0;863;0;0.9976878613
4169;0;863;0;0.9976878613
4170;0;863;0;0.9976878613
4171;0;863;0;0.9976878613
4172;0;863;0;0.9976878613
4173;0;863;0;0.9976878613
4174;0;863;0;0.9976878613
4175;0;863;0;0.9976878613
4176;0;863;0;0.9976878613
4177;0;863;0;0.9976878613
4178;0;863;0;0.9976878613
4179;0;863;0;0.9976878613
4180;0;863;0;0.9976878613
4181;0;863;0;0.9976878613
4182;0;863;0;0.9976878613
4183;0;863;0;0.9976878613
4184;0;863;0;0.9976878613
4185;0;863;0;0.9976878613
4186;0;863;0;0.9976878613
4187;0;863;0;0.9976878613
4188;0;863;0;0.9976878613
4189;0;863;0;0.9976878613
4190;0;863;0;0.9976878613
4191;0;863;0;0.9976878613
4192;0;863;0;0.9976878613
4193;0;863;0;0.9976878613
4194;0;863;0;0.9976878613
4195;0;863;0;0.9976878613
4196;0;863;0;0.9976878613
4197;0;863;0;0.9976878613
4198;0;863;0;0.9976878613
4199;0;863;0;0.9976878613
4200;0;863;0;0.9976878613
4201;0;863;0;0.9976878613
4202;0;863;0;0.9976878613
4203;0;863;0;0.9976878613
4204;0;863;0;0.9976878613
4205;0;863;0;0.9976878613
4206;0;863;0;0.9976878613
4207;0;863;0;0.9976878613
4208;0;863;0;0.9976878613
4209;0;863;0;0.9976878613
4210;0;863;0;0.9976878613
4211;0;863;0;0.9976878613
4212;0;863;0;0.9976878613
4213;0;863;0;0.9976878613
4214;0;863;0;0.9976878613
4215;0;863;0;0.9976878613
4216;0;863;0;0.9976878613
4217;0;863;0;0.9976878613
4218;0;863;0;0.9976878613
4219;0;863;0;0.9976878613
4220;0;863;0;0.9976878613
4221;0;863;0;0.9976878613
4222;0;863;0;0.9976878613
4223;0;863;0;0.9976878613
4224;0;863;0;0.9976878613
4225;0;863;0;0.9976878613
4226;0;863;0;0.9976878613
4227;0;863;0;0.9976878613
4228;0;863;0;0.9976878613
4229;0;863;0;0.9976878613
4230;0;863;0;0.9976878613
4231;0;863;0;0.9976878613
4232;0;863;0;0.9976878613
4233;0;863;0;0.9976878613
4234;0;863;0;0.9976878613
4235;0;863;0;0.9976878613
4236;0;863;0;0.9976878613
4237;0;863;0;0.9976878613
4238;0;863;0;0.9976878613
4239;0;863;0;0.9976878613
4240;0;863;0;0.9976878613
4241;0;863;0;0.9976878613
4242;0;863;0;0.9976878613
4243;0;863;0;0.9976878613
4244;0;863;0;0.9976878613
4245;0;863;0;0.9976878613
4246;0;863;0;0.9976878613
4247;0;863;0;0.9976878613
4248;0;863;0;0.9976878613
4249;0;863;0;0.9976878613
4250;0;863;0;0.9976878613
4251;0;863;0;0.9976878613
4252;0;863;0;0.9976878613
4253;0;863;0;0.9976878613
4254;0;863;0;0.9976878613
4255;0;863;0;0.9976878613
4256;0;863;0;0.9976878613
4257;0;863;0;0.9976878613
4258;0;863;0;0.9976878613
4259;0;863;0;0.9976878613
4260;0;863;0;0.9976878613
4261;0;863;0;0.9976878613
4262;0;863;0;0.9976878613
4263;0;863;0;0.9976878613
4264;0;863;0;0.9976878613
4265;0;863;0;0.9976878613
4266;0;863;0;0.9976878613
4267;0;863;0;0.9976878613
4268;0;863;0;0.9976878613
4269;0;863;0;0.9976878613
4270;0;863;0;0.9976878613
4271;0;863;0;0.9976878613
4272;0;863;0;0.9976878613
4273;0;863;0;0.9976878613
4274;0;863;0;0.9976878613
4275;0;863;0;0.9976878613
4276;0;863;0;0.9976878613
4277;0;863;0;0.9976878613
4278;0;863;0;0.9976878613
4279;0;863;0;0.9976878613
4280;0;863;0;0.9976878613
4281;0;863;0;0.9976878613
4282;0;863;0;0.9976878613
4283;0;863;0;0.9976878613
4284;0;863;0;0.9976878613
4285;0;863;0;0.9976878613
4286;0;863;0;0.9976878613
4287;0;863;0;0.9976878613
4288;0;863;0;0.9976878613
4289;0;863;0;0.9976878613
4290;0;863;0;0.9976878613
4291;0;863;0;0.9976878613
4292;0;863;0;0.9976878613
4293;0;863;0;0.9976878613
4294;0;863;0;0.9976878613
4295;0;863;0;0.9976878613
4296;0;863;0;0.9976878613
4297;0;863;0;0.9976878613
4298;0;863;0;0.9976878613
4299;0;863;0;0.9976878613
4300;0;863;0;0.9976878613
4301;0;863;0;0.9976878613
4302;0;863;0;0.9976878613
4303;0;863;0;0.9976878613
4304;0;863;0;0.9976878613
4305;0;863;0;0.9976878613
4306;0;863;0;0.9976878613
4307;0;863;0;0.9976878613
4308;0;863;0;0.9976878613
4309;0;863;0;0.9976878613
4310;0;863;0;0.9976878613
4311;0;863;0;0.9976878613
4312;0;863;0;0.9976878613
4313;0;863;0;0.9976878613
4314;0;863;0;0.9976878613
4315;0;863;0;0.9976878613
4316;0;863;0;0.9976878613
4317;0;863;0;0.9976878613
4318;0;863;0;0.9976878613
4319;0;863;0;0.9976878613
4320;0;863;0;0.9976878613
4321;0;863;0;0.9976878613
4322;0;863;0;0.9976878613
4323;0;863;0;0.9976878613
4324;0;863;0;0.9976878613
4325;0;863;0;0.9976878613
4326;0;863;0;0.9976878613
4327;0;863;0;0.9976878613
4328;0;863;0;0.9976878613
4329;0;863;0;0.9976878613
4330;0;863;0;0.9976878613
4331;0;863;0;0.9976878613
4332;0;863;0;0.9976878613
4333;0;863;0;0.9976878613
4334;0;863;0;0.9976878613
4335;0;863;0;0.9976878613
4336;0;863;0;0.9976878613
4337;0;863;0;0.9976878613
4338;0;863;0;0.9976878613
4339;0;863;0;0.9976878613
4340;0;863;0;0.9976878613
4341;0;863;0;0.9976878613
4342;0;863;0;0.9976878613
4343;0;863;0;0.9976878613
4344;0;863;0;0.9976878613
4345;0;863;0;0.9976878613
4346;0;863;0;0.9976878613
4347;0;863;0;0.9976878613
4348;0;863;0;0.9976878613
4349;0;863;0;0.9976878613
4350;0;863;0;0.9976878613
4351;0;863;0;0.9976878613
4352;0;863;0;0.9976878613
4353;0;863;0;0.9976878613
4354;0;863;0;0.9976878613
4355;0;863;0;0.9976878613
4356;0;863;0;0.9976878613
4357;0;863;0;0.9976878613
4358;0;863;0;0.9976878613
4359;0;863;0;0.9976878613
4360;0;863;0;0.9976878613
4361;0;863;0;0.9976878613
4362;0;863;0;0.9976878613
4363;0;863;0;0.9976878613
4364;0;863;0;0.9976878613
4365;0;863;0;0.9976878613
4366;0;863;0;0.9976878613
4367;0;863;0;0.9976878613
4368;0;863;0;0.9976878613
4369;0;863;0;0.9976878613
4370;0;863;0;0.9976878613
4371;0;863;0;0.9976878613
4372;0;863;0;0.9976878613
4373;0;863;0;0.9976878613
4374;0;863;0;0.9976878613
4375;0;863;0;0.9976878613
4376;0;863;0;0.9976878613
4377;0;863;0;0.9976878613
4378;0;863;0;0.9976878613
4379;0;863;0;0.9976878613
4380;0;863;0;0.9976878613
4381;0;863;0;0.9976878613
4382;0;863;0;0.9976878613
4383;0;863;0;0.9976878613
4384;0;863;0;0.9976878613
4385;0;863;0;0.9976878613
4386;0;863;0;0.9976878613
4387;0;863;0;0.9976878613
4388;0;863;0;0.9976878613
4389;0;863;0;0.9976878613
4390;0;863;0;0.9976878613
4391;0;863;0;0.9976878613
4392;0;863;0;0.9976878613
4393;0;863;0;0.9976878613
4394;0;863;0;0.9976878613
4395;0;863;0;0.9976878613
4396;0;863;0;0.9976878613
4397;0;863;0;0.9976878613
4398;0;863;0;0.9976878613
4399;0;863;0;0.9976878613
4400;0;863;0;0.9976878613
4401;0;863;0;0.9976878613
4402;0;863;0;0.9976878613
4403;0;863;0;0.9976878613
4404;0;863;0;0.9976878613
4405;0;863;0;0.9976878613
4406;0;863;0;0.9976878613
4407;0;863;0;0.9976878613
4408;0;863;0;0.9976878613
4409;0;863;0;0.9976878613
4410;0;863;0;0.9976878613
4411;0;863;0;0.9976878613
4412;0;863;0;0.9976878613
4413;0;863;0;0.9976878613
4414;0;863;0;0.9976878613
4415;0;863;0;0.9976878613
4416;0;863;0;0.9976878613
4417;0;863;0;0.9976878613
4418;0;863;0;0.9976878613
4419;0;863;0;0.9976878613
4420;0;863;0;0.9976878613
4421;0;863;0;0.9976878613
4422;0;863;0;0.9976878613
4423;0;863;0;0.9976878613
4424;0;863;0;0.9976878613
4425;0;863;0;0.9976878613
4426;0;863;0;0.9976878613
4427;0;863;0;0.9976878613
4428;0;863;0;0.9976878613
4429;0;863;0;0.9976878613
4430;0;863;0;0.9976878613
4431;0;863;0;0.9976878613
4432;0;863;0;0.9976878613
4433;0;863;0;0.9976878613
4434;0;863;0;0.9976878613
4435;0;863;0;0.9976878613
4436;0;863;0;0.9976878613
4437;0;863;0;0.9976878613
4438;0;863;0;0.9976878613
4439;0;863;0;0.9976878613
4440;0;863;0;0.9976878613
4441;0;863;0;0.9976878613
4442;0;863;0;0.9976878613
4443;0;863;0;0.9976878613
4444;0;863;0;0.9976878613
4445;0;863;0;0.9976878613
4446;0;863;0;0.9976878613
4447;0;863;0;0.9976878613
4448;0;863;0;0.9976878613
4449;0;863;0;0.9976878613
4450;0;863;0;0.9976878613
4451;0;863;0;0.9976878613
4452;0;863;0;0.9976878613
4453;0;863;0;0.9976878613
4454;0;863;0;0.9976878613
4455;0;863;0;0.9976878613
4456;0;863;0;0.9976878613
4457;0;863;0;0.9976878613
4458;0;863;0;0.9976878613
4459;0;863;0;0.9976878613
4460;0;863;0;0.9976878613
4461;0;863;0;0.9976878613
4462;0;863;0;0.9976878613
4463;0;863;0;0.9976878613
4464;0;863;0;0.9976878613
4465;0;863;0;0.9976878613
4466;0;863;0;0.9976878613
4467;0;863;0;0.9976878613
4468;0;863;0;0.9976878613
4469;0;863;0;0.9976878613
4470;0;863;0;0.9976878613
4471;0;863;0;0.9976878613
4472;0;863;0;0.9976878613
4473;0;863;0;0.9976878613
4474;0;863;0;0.9976878613
4475;0;863;0;0.9976878613
4476;0;863;0;0.9976878613
4477;0;863;0;0.9976878613
4478;0;863;0;0.9976878613
4479;0;863;0;0.9976878613
4480;0;863;0;0.9976878613
4481;0;863;0;0.9976878613
4482;0;863;0;0.9976878613
4483;0;863;0;0.9976878613
4484;0;863;0;0.9976878613
4485;0;863;0;0.9976878613
4486;0;863;0;0.9976878613
4487;0;863;0;0.9976878613
4488;0;863;0;0.9976878613
4489;0;863;0;0.9976878613
4490;0;863;0;0.9976878613
4491;0;863;0;0.9976878613
4492;0;863;0;0.9976878613
4493;0;863;0;0.9976878613
4494;0;863;0;0.9976878613
4495;0;863;0;0.9976878613
4496;0;863;0;0.9976878613
4497;0;863;0;0.9976878613
4498;0;863;0;0.9976878613
4499;0;863;0;0.9976878613
4500;0;863;0;0.9976878613
4501;0;863;0;0.9976878613
4502;0;863;0;0.9976878613
4503;0;863;0;0.9976878613
4504;0;863;0;0.9976878613
4505;0;863;0;0.9976878613
4506;0;863;0;0.9976878613
4507;0;863;0;0.9976878613
4508;0;863;0;0.9976878613
4509;0;863;0;0.9976878613
4510;0;863;0;0.9976878613
4511;0;863;0;0.9976878613
4512;0;863;0;0.9976878613
4513;0;863;0;0.9976878613
4514;0;863;0;0.9976878613
4515;0;863;0;0.9976878613
4516;0;863;0;0.9976878613
4517;0;863;0;0.9976878613
4518;0;863;0;0.9976878613
4519;0;863;0;0.9976878613
4520;0;863;0;0.9976878613
4521;0;863;0;0.9976878613
4522;0;863;0;0.9976878613
4523;0;863;0;0.9976878613
4524;0;863;0;0.9976878613
4525;0;863;0;0.9976878613
4526;0;863;0;0.9976878613
4527;0;863;0;0.9976878613
4528;0;863;0;0.9976878613
4529;0;863;0;0.9976878613
4530;0;863;0;0.9976878613
4531;0;863;0;0.9976878613
4532;0;863;0;0.9976878613
4533;0;863;0;0.9976878613
4534;0;863;0;0.9976878613
4535;0;863;0;0.9976878613
4536;0;863;0;0.9976878613
4537;0;863;0;0.9976878613
4538;0;863;0;0.9976878613
4539;0;863;0;0.9976878613
4540;0;863;0;0.9976878613
4541;0;863;0;0.9976878613
4542;0;863;0;0.9976878613
4543;0;863;0;0.9976878613
4544;0;863;0;0.9976878613
4545;0;863;0;0.9976878613
4546;0;863;0;0.9976878613
4547;0;863;0;0.9976878613
4548;0;863;0;0.9976878613
4549;0;863;0;0.9976878613
4550;0;863;0;0.9976878613
4551;0;863;0;0.9976878613
4552;0;863;0;0.9976878613
4553;0;863;0;0.9976878613
4554;0;863;0;0.9976878613
4555;0;863;0;0.9976878613
4556;0;863;0;0.9976878613
4557;0;863;0;0.9976878613
4558;0;863;0;0.9976878613
4559;0;863;0;0.9976878613
4560;0;863;0;0.9976878613
4561;0;863;0;0.9976878613
4562;0;863;0;0.9976878613
4563;0;863;0;0.9976878613
4564;0;863;0;0.9976878613
4565;0;863;0;0.9976878613
4566;0;863;0;0.9976878613
4567;0;863;0;0.9976878613
4568;0;863;0;0.9976878613
4569;0;863;0;0.9976878613
4570;0;863;0;0.9976878613
4571;0;863;0;0.9976878613
4572;0;863;0;0.9976878613
4573;0;863;0;0.9976878613
4574;0;863;0;0.9976878613
4575;0;863;0;0.9976878613
4576;0;863;0;0.9976878613
4577;0;863;0;0.9976878613
4578;0;863;0;0.9976878613
4579;0;863;0;0.9976878613
4580;0;863;0;0.9976878613
4581;0;863;0;0.9976878613
4582;0;863;0;0.9976878613
4583;0;863;0;0.9976878613
4584;0;863;0;0.9976878613
4585;0;863;0;0.9976878613
4586;0;863;0;0.9976878613
4587;0;863;0;0.9976878613
4588;0;863;0;0.9976878613
4589;0;863;0;0.9976878613
4590;0;863;0;0.9976878613
4591;0;863;0;0.9976878613
4592;0;863;0;0.9976878613
4593;0;863;0;0.9976878613
4594;0;863;0;0.9976878613
4595;0;863;0;0.9976878613
4596;0;863;0;0.9976878613
4597;0;863;0;0.9976878613
4598;0;863;0;0.9976878613
4599;0;863;0;0.9976878613
4600;0;863;0;0.9976878613
4601;0;863;0;0.9976878613
4602;0;863;0;0.9976878613
4603;0;863;0;0.9976878613
4604;0;863;0;0.9976878613
4605;0;863;0;0.9976878613
4606;0;863;0;0.9976878613
4607;0;863;0;0.9976878613
4608;0;863;0;0.9976878613
4609;0;863;0;0.9976878613
4610;0;863;0;0.9976878613
4611;0;863;0;0.9976878613
4612;0;863;0;0.9976878613
4613;0;863;0;0.9976878613
4614;0;863;0;0.9976878613
4615;0;863;0;0.9976878613
4616;0;863;0;0.9976878613
4617;0;863;0;0.9976878613
4618;0;863;0;0.9976878613
4619;0;863;0;0.9976878613
4620;0;863;0;0.9976878613
4621;0;863;0;0.9976878613
4622;0;863;0;0.9976878613
4623;0;863;0;0.9976878613
4624;0;863;0;0.9976878613
4625;0;863;0;0.9976878613
4626;0;863;0;0.9976878613
4627;0;863;0;0.9976878613
4628;0;863;0;0.9976878613
4629;0;863;0;0.9976878613
4630;0;863;0;0.9976878613
4631;0;863;0;0.9976878613
4632;0;863;0;0.9976878613
4633;0;863;0;0.9976878613
4634;0;863;0;0.9976878613
4635;0;863;0;0.9976878613
4636;0;863;0;0.9976878613
4637;0;863;0;0.9976878613
4638;0;863;0;0.9976878613
4639;0;863;0;0.9976878613
4640;0;863;0;0.9976878613
4641;0;863;0;0.9976878613
4642;0;863;0;0.9976878613
4643;0;863;0;0.9976878613
4644;0;863;0;0.9976878613
4645;0;863;0;0.9976878613
4646;0;863;0;0.9976878613
4647;0;863;0;0.9976878613
4648;0;863;0;0.9976878613
4649;0;863;0;0.9976878613
4650;0;863;0;0.9976878613
4651;0;863;0;0.9976878613
4652;0;863;0;0.9976878613
4653;0;863;0;0.9976878613
4654;0;863;0;0.9976878613
4655;0;863;0;0.9976878613
4656;0;863;0;0.9976878613
4657;0;863;0;0.9976878613
4658;0;863;0;0.9976878613
4659;0;863;0;0.9976878613
4660;0;863;0;0.9976878613
4661;0;863;0;0.9976878613
4662;0;863;0;0.9976878613
4663;0;863;0;0.9976878613
4664;0;863;0;0.9976878613
4665;0;863;0;0.9976878613
4666;0;863;0;0.9976878613
4667;0;863;0;0.9976878613
4668;0;863;0;0.9976878613
4669;0;863;0;0.9976878613
4670;0;863;0;0.9976878613
4671;0;863;0;0.9976878613
4672;0;863;0;0.9976878613
4673;0;863;0;0.9976878613
4674;0;863;0;0.9976878613
4675;0;863;0;0.9976878613
4676;0;863;0;0.9976878613
4677;0;863;0;0.9976878613
4678;0;863;0;0.9976878613
4679;0;863;0;0.9976878613
4680;0;863;0;0.9976878613
4681;0;863;0;0.9976878613
4682;0;863;0;0.9976878613
4683;0;863;0;0.9976878613
4684;0;863;0;0.9976878613
4685;0;863;0;0.9976878613
4686;0;863;0;0.9976878613
4687;0;863;0;0.9976878613
4688;0;863;0;0.9976878613
4689;0;863;0;0.9976878613
4690;0;863;0;0.9976878613
4691;0;863;0;0.9976878613
4692;0;863;0;0.9976878613
4693;0;863;0;0.9976878613
4694;0;863;0;0.9976878613
4695;0;863;0;0.9976878613
4696;0;863;0;0.9976878613
4697;0;863;0;0.9976878613
4698;0;863;0;0.9976878613
4699;0;863;0;0.9976878613
4700;0;863;0;0.9976878613
4701;0;863;0;0.9976878613
4702;0;863;0;0.9976878613
4703;0;863;0;0.9976878613
4704;0;863;0;0.9976878613
4705;0;863;0;0.9976878613
4706;0;863;0;0.9976878613
4707;0;863;0;0.9976878613
4708;0;863;0;0.9976878613
4709;0;863;0;0.9976878613
4710;0;863;0;0.9976878613
4711;0;863;0;0.9976878613
4712;0;863;0;0.9976878613
4713;0;863;0;0.9976878613
4714;0;863;0;0.9976878613
4715;0;863;0;0.9976878613
4716;0;863;0;0.9976878613
4717;0;863;0;0.9976878613
4718;0;863;0;0.9976878613
4719;0;863;0;0.9976878613
4720;0;863;0;0.9976878613
4721;0;863;0;0.9976878613
4722;0;863;0;0.9976878613
4723;0;863;0;0.9976878613
4724;0;863;0;0.9976878613
4725;0;863;0;0.9976878613
4726;0;863;0;0.9976878613
4727;0;863;0;0.9976878613
4728;0;863;0;0.9976878613
4729;0;863;0;0.9976878613
4730;0;863;0;0.9976878613
4731;0;863;0;0.9976878613
4732;0;863;0;0.9976878613
4733;0;863;0;0.9976878613
4734;0;863;0;0.9976878613
4735;0;863;0;0.9976878613
4736;0;863;0;0.9976878613
4737;0;863;0;0.9976878613
4738;0;863;0;0.9976878613
4739;0;863;0;0.9976878613
4740;0;863;0;0.9976878613
4741;0;863;0;0.9976878613
4742;0;863;0;0.9976878613
4743;0;863;0;0.9976878613
4744;0;863;0;0.9976878613
4745;0;863;0;0.9976878613
4746;0;863;0;0.9976878613
4747;0;863;0;0.9976878613
4748;0;863;0;0.9976878613
4749;0;863;0;0.9976878613
4750;0;863;0;0.9976878613
4751;0;863;0;0.9976878613
4752;0;863;0;0.9976878613
4753;0;863;0;0.9976878613
4754;0;863;0;0.9976878613
4755;0;863;0;0.9976878613
4756;0;863;0;0.9976878613
4757;0;863;0;0.9976878613
4758;0;863;0;0.9976878613
4759;0;863;0;0.9976878613
4760;0;863;0;0.9976878613
4761;0;863;0;0.9976878613
4762;0;863;0;0.9976878613
4763;0;863;0;0.9976878613
4764;0;863;0;0.9976878613
4765;0;863;0;0.9976878613
4766;0;863;0;0.9976878613
4767;0;863;0;0.9976878613
4768;0;863;0;0.9976878613
4769;0;863;0;0.9976878613
4770;0;863;0;0.9976878613
4771;0;863;0;0.9976878613
4772;0;863;0;0.9976878613
4773;0;863;0;0.9976878613
4774;0;863;0;0.9976878613
4775;0;863;0;0.9976878613
4776;0;863;0;0.9976878613
4777;0;863;0;0.9976878613
4778;0;863;0;0.9976878613
4779;0;863;0;0.9976878613
4780;0;863;0;0.9976878613
4781;0;863;0;0.9976878613
4782;0;863;0;0.9976878613
4783;0;863;0;0.9976878613
4784;0;863;0;0.9976878613
4785;0;863;0;0.9976878613
4786;0;863;0;0.9976878613
4787;0;863;0;0.9976878613
4788;0;863;0;0.9976878613
4789;0;863;0;0.9976878613
4790;0;863;0;0.9976878613
4791;0;863;0;0.9976878613
4792;0;863;0;0.9976878613
4793;0;863;0;0.9976878613
4794;0;863;0;0.9976878613
4795;0;863;0;0.9976878613
4796;0;863;0;0.9976878613
4797;0;863;0;0.9976878613
4798;0;863;0;0.9976878613
4799;0;863;0;0.9976878613
4800;0;863;0;0.9976878613
4801;0;863;0;0.9976878613
4802;0;863;0;0.9976878613
4803;0;863;0;0.9976878613
4804;0;863;0;0.9976878613
4805;0;863;0;0.9976878613
4806;0;863;0;0.9976878613
4807;0;863;0;0.9976878613
4808;0;863;0;0.9976878613
4809;0;863;0;0.9976878613
4810;0;863;0;0.9976878613
4811;0;863;0;0.9976878613
4812;0;863;0;0.9976878613
4813;0;863;0;0.9976878613
4814;0;863;0;0.9976878613
4815;0;863;0;0.9976878613
4816;0;863;0;0.9976878613
4817;0;863;0;0.9976878613
4818;0;863;0;0.9976878613
4819;0;863;0;0.9976878613
4820;0;863;0;0.9976878613
4821;0;863;0;0.9976878613
4822;0;863;0;0.9976878613
4823;0;863;0;0.9976878613
4824;0;863;0;0.9976878613
4825;0;863;0;0.9976878613
4826;0;863;0;0.9976878613
4827;0;863;0;0.9976878613
4828;0;863;0;0.9976878613
4829;0;863;0;0.9976878613
4830;0;863;0;0.9976878613
4831;0;863;0;0.9976878613
4832;0;863;0;0.9976878613
4833;0;863;0;0.9976878613
4834;0;863;0;0.9976878613
4835;0;863;0;0.9976878613
4836;0;863;0;0.9976878613
4837;0;863;0;0.9976878613
4838;0;863;0;0.9976878613
4839;0;863;0;0.9976878613
4840;0;863;0;0.9976878613
4841;0;863;0;0.9976878613
4842;0;863;0;0.9976878613
4843;0;863;0;0.9976878613
4844;0;863;0;0.9976878613
4845;0;863;0;0.9976878613
4846;0;863;0;0.9976878613
4847;0;863;0;0.9976878613
4848;0;863;0;0.9976878613
4849;0;863;0;0.9976878613
4850;0;863;0;0.9976878613
4851;0;863;0;0.9976878613
4852;0;863;0;0.9976878613
4853;0;863;0;0.9976878613
4854;0;863;0;0.9976878613
4855;0;863;0;0.9976878613
4856;0;863;0;0.9976878613
4857;0;863;0;0.9976878613
4858;0;863;0;0.9976878613
4859;0;863;0;0.9976878613
4860;0;863;0;0.9976878613
4861;0;863;0;0.9976878613
4862;0;863;0;0.9976878613
4863;0;863;0;0.9976878613
4864;0;863;0;0.9976878613
4865;0;863;0;0.9976878613
4866;0;863;0;0.9976878613
4867;0;863;0;0.9976878613
4868;0;863;0;0.9976878613
4869;0;863;0;0.9976878613
4870;0;863;0;0.9976878613
4871;0;863;0;0.9976878613
4872;0;863;0;0.9976878613
4873;0;863;0;0.9976878613
4874;0;863;0;0.9976878613
4875;0;863;0;0.9976878613
4876;0;863;0;0.9976878613
4877;0;863;0;0.9976878613
4878;0;863;0;0.9976878613
4879;0;863;0;0.9976878613
4880;0;863;0;0.9976878613
4881;0;863;0;0.9976878613
4882;0;863;0;0.9976878613
4883;0;863;0;0.9976878613
4884;0;863;0;0.9976878613
4885;0;863;0;0.9976878613
4886;0;863;0;0.9976878613
4887;0;863;0;0.9976878613
4888;0;863;0;0.9976878613
4889;0;863;0;0.9976878613
4890;0;863;0;0.9976878613
4891;0;863;0;0.9976878613
4892;0;863;0;0.9976878613
4893;0;863;0;0.9976878613
4894;0;863;0;0.9976878613
4895;0;863;0;0.9976878613
4896;0;863;0;0.9976878613
4897;0;863;0;0.9976878613
4898;0;863;0;0.9976878613
4899;0;863;0;0.9976878613
4900;0;863;0;0.9976878613
4901;0;863;0;0.9976878613
4902;0;863;0;0.9976878613
4903;0;863;0;0.9976878613
4904;0;863;0;0.9976878613
4905;0;863;0;0.9976878613
4906;0;863;0;0.9976878613
4907;0;863;0;0.9976878613
4908;0;863;0;0.9976878613
4909;0;863;0;0.9976878613
4910;0;863;0;0.9976878613
4911;0;863;0;0.9976878613
4912;0;863;0;0.9976878613
4913;0;863;0;0.9976878613
4914;0;863;0;0.9976878613
4915;0;863;0;0.9976878613
4916;0;863;0;0.9976878613
4917;0;863;0;0.9976878613
4918;0;863;0;0.9976878613
4919;0;863;0;0.9976878613
4920;0;863;0;0.9976878613
4921;0;863;0;0.9976878613
4922;0;863;0;0.9976878613
4923;0;863;0;0.9976878613
4924;0;863;0;0.9976878613
4925;0;863;0;0.9976878613
4926;0;863;0;0.9976878613
4927;0;863;0;0.9976878613
4928;0;863;0;0.9976878613
4929;0;863;0;0.9976878613
4930;0;863;0;0.9976878613
4931;0;863;0;0.9976878613
4932;0;863;0;0.9976878613
4933;0;863;0;0.9976878613
4934;0;863;0;0.9976878613
4935;1;864;0.0011560694;0.9988439306
4936;0;864;0;0.9988439306
4937;0;864;0;0.9988439306
4938;0;864;0;0.9988439306
4939;0;864;0;0.9988439306
4940;0;864;0;0.9988439306
4941;0;864;0;0.9988439306
4942;0;864;0;0.9988439306
4943;0;864;0;0.9988439306
4944;0;864;0;0.9988439306
4945;0;864;0;0.9988439306
4946;0;864;0;0.9988439306
4947;0;864;0;0.9988439306
4948;0;864;0;0.9988439306
4949;0;864;0;0.9988439306
4950;0;864;0;0.9988439306
4951;0;864;0;0.9988439306
4952;0;864;0;0.9988439306
4953;0;864;0;0.9988439306
4954;0;864;0;0.9988439306
4955;0;864;0;0.9988439306
4956;0;864;0;0.9988439306
4957;0;864;0;0.9988439306
4958;0;864;0;0.9988439306
4959;0;864;0;0.9988439306
4960;0;864;0;0.9988439306
4961;0;864;0;0.9988439306
4962;0;864;0;0.9988439306
4963;0;864;0;0.9988439306
4964;0;864;0;0.9988439306
4965;0;864;0;0.9988439306
4966;0;864;0;0.9988439306
4967;0;864;0;0.9988439306
4968;0;864;0;0.9988439306
4969;0;864;0;0.9988439306
4970;0;864;0;0.9988439306
4971;0;864;0;0.9988439306
4972;0;864;0;0.9988439306
4973;0;864;0;0.9988439306
4974;0;864;0;0.9988439306
4975;0;864;0;0.9988439306
4976;0;864;0;0.9988439306
4977;0;864;0;0.9988439306
4978;0;864;0;0.9988439306
4979;0;864;0;0.9988439306
4980;0;864;0;0.9988439306
4981;0;864;0;0.9988439306
4982;0;864;0;0.9988439306
4983;0;864;0;0.9988439306
4984;0;864;0;0.9988439306
4985;0;864;0;0.9988439306
4986;0;864;0;0.9988439306
4987;0;864;0;0.9988439306
4988;0;864;0;0.9988439306
4989;0;864;0;0.9988439306
4990;0;864;0;0.9988439306
4991;0;864;0;0.9988439306
4992;0;864;0;0.9988439306
4993;0;864;0;0.9988439306
4994;0;864;0;0.9988439306
4995;0;864;0;0.9988439306
4996;0;864;0;0.9988439306
4997;0;864;0;0.9988439306
4998;0;864;0;0.9988439306
4999;0;864;0;0.9988439306
5000;0;864;0;0.9988439306
5001;0;864;0;0.9988439306
5002;0;864;0;0.9988439306
5003;0;864;0;0.9988439306
5004;0;864;0;0.9988439306
5005;0;864;0;0.9988439306
5006;0;864;0;0.9988439306
5007;0;864;0;0.9988439306
5008;0;864;0;0.9988439306
5009;0;864;0;0.9988439306
5010;0;864;0;0.9988439306
5011;0;864;0;0.9988439306
5012;0;864;0;0.9988439306
5013;0;864;0;0.9988439306
5014;0;864;0;0.9988439306
5015;0;864;0;0.9988439306
5016;0;864;0;0.9988439306
5017;0;864;0;0.9988439306
5018;0;864;0;0.9988439306
5019;0;864;0;0.9988439306
5020;0;864;0;0.9988439306
5021;0;864;0;0.9988439306
5022;0;864;0;0.9988439306
5023;0;864;0;0.9988439306
5024;0;864;0;0.9988439306
5025;0;864;0;0.9988439306
5026;0;864;0;0.9988439306
5027;0;864;0;0.9988439306
5028;0;864;0;0.9988439306
5029;0;864;0;0.9988439306
5030;0;864;0;0.9988439306
5031;0;864;0;0.9988439306
5032;0;864;0;0.9988439306
5033;0;864;0;0.9988439306
5034;0;864;0;0.9988439306
5035;0;864;0;0.9988439306
5036;0;864;0;0.9988439306
5037;0;864;0;0.9988439306
5038;0;864;0;0.9988439306
5039;0;864;0;0.9988439306
5040;0;864;0;0.9988439306
5041;0;864;0;0.9988439306
5042;0;864;0;0.9988439306
5043;0;864;0;0.9988439306
5044;0;864;0;0.9988439306
5045;0;864;0;0.9988439306
5046;0;864;0;0.9988439306
5047;0;864;0;0.9988439306
5048;0;864;0;0.9988439306
5049;0;864;0;0.9988439306
5050;0;864;0;0.9988439306
5051;0;864;0;0.9988439306
5052;0;864;0;0.9988439306
5053;0;864;0;0.9988439306
5054;0;864;0;0.9988439306
5055;0;864;0;0.9988439306
5056;0;864;0;0.9988439306
5057;0;864;0;0.9988439306
5058;0;864;0;0.9988439306
5059;0;864;0;0.9988439306
5060;0;864;0;0.9988439306
5061;0;864;0;0.9988439306
5062;0;864;0;0.9988439306
5063;0;864;0;0.9988439306
5064;0;864;0;0.9988439306
5065;0;864;0;0.9988439306
5066;0;864;0;0.9988439306
5067;0;864;0;0.9988439306
5068;0;864;0;0.9988439306
5069;0;864;0;0.9988439306
5070;0;864;0;0.9988439306
5071;0;864;0;0.9988439306
5072;0;864;0;0.9988439306
5073;0;864;0;0.9988439306
5074;0;864;0;0.9988439306
5075;0;864;0;0.9988439306
5076;0;864;0;0.9988439306
5077;0;864;0;0.9988439306
5078;0;864;0;0.9988439306
5079;0;864;0;0.9988439306
5080;0;864;0;0.9988439306
5081;0;864;0;0.9988439306
5082;0;864;0;0.9988439306
5083;0;864;0;0.9988439306
5084;0;864;0;0.9988439306
5085;0;864;0;0.9988439306
5086;0;864;0;0.9988439306
5087;0;864;0;0.9988439306
5088;0;864;0;0.9988439306
5089;0;864;0;0.9988439306
5090;0;864;0;0.9988439306
5091;0;864;0;0.9988439306
5092;0;864;0;0.9988439306
5093;0;864;0;0.9988439306
5094;0;864;0;0.9988439306
5095;0;864;0;0.9988439306
5096;0;864;0;0.9988439306
5097;0;864;0;0.9988439306
5098;0;864;0;0.9988439306
5099;0;864;0;0.9988439306
5100;0;864;0;0.9988439306
5101;0;864;0;0.9988439306
5102;0;864;0;0.9988439306
5103;0;864;0;0.9988439306
5104;0;864;0;0.9988439306
5105;0;864;0;0.9988439306
5106;0;864;0;0.9988439306
5107;0;864;0;0.9988439306
5108;0;864;0;0.9988439306
5109;0;864;0;0.9988439306
5110;0;864;0;0.9988439306
5111;0;864;0;0.9988439306
5112;0;864;0;0.9988439306
5113;0;864;0;0.9988439306
5114;0;864;0;0.9988439306
5115;0;864;0;0.9988439306
5116;0;864;0;0.9988439306
5117;0;864;0;0.9988439306
5118;0;864;0;0.9988439306
5119;0;864;0;0.9988439306
5120;0;864;0;0.9988439306
5121;0;864;0;0.9988439306
5122;0;864;0;0.9988439306
5123;0;864;0;0.9988439306
5124;0;864;0;0.9988439306
5125;0;864;0;0.9988439306
5126;0;864;0;0.9988439306
5127;0;864;0;0.9988439306
5128;0;864;0;0.9988439306
5129;0;864;0;0.9988439306
5130;0;864;0;0.9988439306
5131;0;864;0;0.9988439306
5132;0;864;0;0.9988439306
5133;0;864;0;0.9988439306
5134;0;864;0;0.9988439306
5135;0;864;0;0.9988439306
5136;0;864;0;0.9988439306
5137;0;864;0;0.9988439306
5138;0;864;0;0.9988439306
5139;0;864;0;0.9988439306
5140;0;864;0;0.9988439306
5141;0;864;0;0.9988439306
5142;0;864;0;0.9988439306
5143;0;864;0;0.9988439306
5144;0;864;0;0.9988439306
5145;0;864;0;0.9988439306
5146;0;864;0;0.9988439306
5147;0;864;0;0.9988439306
5148;0;864;0;0.9988439306
5149;0;864;0;0.9988439306
5150;0;864;0;0.9988439306
5151;0;864;0;0.9988439306
5152;0;864;0;0.9988439306
5153;0;864;0;0.9988439306
5154;0;864;0;0.9988439306
5155;0;864;0;0.9988439306
5156;0;864;0;0.9988439306
5157;0;864;0;0.9988439306
5158;0;864;0;0.9988439306
5159;0;864;0;0.9988439306
5160;0;864;0;0.9988439306
5161;0;864;0;0.9988439306
5162;0;864;0;0.9988439306
5163;0;864;0;0.9988439306
5164;0;864;0;0.9988439306
5165;0;864;0;0.9988439306
5166;0;864;0;0.9988439306
5167;0;864;0;0.9988439306
5168;0;864;0;0.9988439306
5169;0;864;0;0.9988439306
5170;0;864;0;0.9988439306
5171;0;864;0;0.9988439306
5172;0;864;0;0.9988439306
5173;0;864;0;0.9988439306
5174;0;864;0;0.9988439306
5175;0;864;0;0.9988439306
5176;0;864;0;0.9988439306
5177;0;864;0;0.9988439306
5178;0;864;0;0.9988439306
5179;0;864;0;0.9988439306
5180;0;864;0;0.9988439306
5181;0;864;0;0.9988439306
5182;0;864;0;0.9988439306
5183;0;864;0;0.9988439306
5184;0;864;0;0.9988439306
5185;0;864;0;0.9988439306
5186;0;864;0;0.9988439306
5187;0;864;0;0.9988439306
5188;0;864;0;0.9988439306
5189;0;864;0;0.9988439306
5190;0;864;0;0.9988439306
5191;0;864;0;0.9988439306
5192;0;864;0;0.9988439306
5193;0;864;0;0.9988439306
5194;0;864;0;0.9988439306
5195;0;864;0;0.9988439306
5196;0;864;0;0.9988439306
5197;0;864;0;0.9988439306
5198;0;864;0;0.9988439306
5199;0;864;0;0.9988439306
5200;0;864;0;0.9988439306
5201;0;864;0;0.9988439306
5202;0;864;0;0.9988439306
5203;0;864;0;0.9988439306
5204;0;864;0;0.9988439306
5205;0;864;0;0.9988439306
5206;0;864;0;0.9988439306
5207;0;864;0;0.9988439306
5208;0;864;0;0.9988439306
5209;0;864;0;0.9988439306
5210;0;864;0;0.9988439306
5211;0;864;0;0.9988439306
5212;0;864;0;0.9988439306
5213;0;864;0;0.9988439306
5214;0;864;0;0.9988439306
5215;0;864;0;0.9988439306
5216;0;864;0;0.9988439306
5217;0;864;0;0.9988439306
5218;0;864;0;0.9988439306
5219;0;864;0;0.9988439306
5220;0;864;0;0.9988439306
5221;0;864;0;0.9988439306
5222;0;864;0;0.9988439306
5223;0;864;0;0.9988439306
5224;0;864;0;0.9988439306
5225;0;864;0;0.9988439306
5226;0;864;0;0.9988439306
5227;0;864;0;0.9988439306
5228;0;864;0;0.9988439306
5229;0;864;0;0.9988439306
5230;0;864;0;0.9988439306
5231;0;864;0;0.9988439306
5232;0;864;0;0.9988439306
5233;0;864;0;0.9988439306
5234;0;864;0;0.9988439306
5235;0;864;0;0.9988439306
5236;0;864;0;0.9988439306
5237;0;864;0;0.9988439306
5238;0;864;0;0.9988439306
5239;0;864;0;0.9988439306
5240;0;864;0;0.9988439306
5241;0;864;0;0.9988439306
5242;0;864;0;0.9988439306
5243;0;864;0;0.9988439306
5244;0;864;0;0.9988439306
5245;0;864;0;0.9988439306
5246;0;864;0;0.9988439306
5247;0;864;0;0.9988439306
5248;0;864;0;0.9988439306
5249;0;864;0;0.9988439306
5250;0;864;0;0.9988439306
5251;0;864;0;0.9988439306
5252;0;864;0;0.9988439306
5253;0;864;0;0.9988439306
5254;0;864;0;0.9988439306
5255;0;864;0;0.9988439306
5256;0;864;0;0.9988439306
5257;0;864;0;0.9988439306
5258;0;864;0;0.9988439306
5259;0;864;0;0.9988439306
5260;0;864;0;0.9988439306
5261;0;864;0;0.9988439306
5262;0;864;0;0.9988439306
5263;0;864;0;0.9988439306
5264;0;864;0;0.9988439306
5265;0;864;0;0.9988439306
5266;0;864;0;0.9988439306
5267;0;864;0;0.9988439306
5268;0;864;0;0.9988439306
5269;0;864;0;0.9988439306
5270;0;864;0;0.9988439306
5271;0;864;0;0.9988439306
5272;0;864;0;0.9988439306
5273;0;864;0;0.9988439306
5274;0;864;0;0.9988439306
5275;0;864;0;0.9988439306
5276;0;864;0;0.9988439306
5277;0;864;0;0.9988439306
5278;0;864;0;0.9988439306
5279;0;864;0;0.9988439306
5280;0;864;0;0.9988439306
5281;0;864;0;0.9988439306
5282;0;864;0;0.9988439306
5283;0;864;0;0.9988439306
5284;0;864;0;0.9988439306
5285;0;864;0;0.9988439306
5286;0;864;0;0.9988439306
5287;0;864;0;0.9988439306
5288;0;864;0;0.9988439306
5289;0;864;0;0.9988439306
5290;0;864;0;0.9988439306
5291;0;864;0;0.9988439306
5292;0;864;0;0.9988439306
5293;0;864;0;0.9988439306
5294;0;864;0;0.9988439306
5295;0;864;0;0.9988439306
5296;0;864;0;0.9988439306
5297;0;864;0;0.9988439306
5298;0;864;0;0.9988439306
5299;0;864;0;0.9988439306
5300;0;864;0;0.9988439306
5301;0;864;0;0.9988439306
5302;0;864;0;0.9988439306
5303;0;864;0;0.9988439306
5304;0;864;0;0.9988439306
5305;0;864;0;0.9988439306
5306;0;864;0;0.9988439306
5307;0;864;0;0.9988439306
5308;0;864;0;0.9988439306
5309;0;864;0;0.9988439306
5310;0;864;0;0.9988439306
5311;0;864;0;0.9988439306
5312;0;864;0;0.9988439306
5313;0;864;0;0.9988439306
5314;0;864;0;0.9988439306
5315;0;864;0;0.9988439306
5316;0;864;0;0.9988439306
5317;0;864;0;0.9988439306
5318;0;864;0;0.9988439306
5319;0;864;0;0.9988439306
5320;0;864;0;0.9988439306
5321;0;864;0;0.9988439306
5322;0;864;0;0.9988439306
5323;0;864;0;0.9988439306
5324;0;864;0;0.9988439306
5325;0;864;0;0.9988439306
5326;0;864;0;0.9988439306
5327;0;864;0;0.9988439306
5328;0;864;0;0.9988439306
5329;0;864;0;0.9988439306
5330;0;864;0;0.9988439306
5331;0;864;0;0.9988439306
5332;0;864;0;0.9988439306
5333;0;864;0;0.9988439306
5334;0;864;0;0.9988439306
5335;0;864;0;0.9988439306
5336;0;864;0;0.9988439306
5337;0;864;0;0.9988439306
5338;0;864;0;0.9988439306
5339;0;864;0;0.9988439306
5340;0;864;0;0.9988439306
5341;0;864;0;0.9988439306
5342;0;864;0;0.9988439306
5343;0;864;0;0.9988439306
5344;0;864;0;0.9988439306
5345;0;864;0;0.9988439306
5346;0;864;0;0.9988439306
5347;0;864;0;0.9988439306
5348;0;864;0;0.9988439306
5349;0;864;0;0.9988439306
5350;0;864;0;0.9988439306
5351;0;864;0;0.9988439306
5352;0;864;0;0.9988439306
5353;0;864;0;0.9988439306
5354;0;864;0;0.9988439306
5355;0;864;0;0.9988439306
5356;0;864;0;0.9988439306
5357;0;864;0;0.9988439306
5358;0;864;0;0.9988439306
5359;0;864;0;0.9988439306
5360;0;864;0;0.9988439306
5361;0;864;0;0.9988439306
5362;0;864;0;0.9988439306
5363;0;864;0;0.9988439306
5364;0;864;0;0.9988439306
5365;0;864;0;0.9988439306
5366;0;864;0;0.9988439306
5367;0;864;0;0.9988439306
5368;0;864;0;0.9988439306
5369;0;864;0;0.9988439306
5370;0;864;0;0.9988439306
5371;0;864;0;0.9988439306
5372;0;864;0;0.9988439306
5373;0;864;0;0.9988439306
5374;0;864;0;0.9988439306
5375;0;864;0;0.9988439306
5376;0;864;0;0.9988439306
5377;0;864;0;0.9988439306
5378;0;864;0;0.9988439306
5379;0;864;0;0.9988439306
5380;0;864;0;0.9988439306
5381;0;864;0;0.9988439306
5382;0;864;0;0.9988439306
5383;0;864;0;0.9988439306
5384;0;864;0;0.9988439306
5385;0;864;0;0.9988439306
5386;0;864;0;0.9988439306
5387;0;864;0;0.9988439306
5388;0;864;0;0.9988439306
5389;0;864;0;0.9988439306
5390;0;864;0;0.9988439306
5391;0;864;0;0.9988439306
5392;0;864;0;0.9988439306
5393;0;864;0;0.9988439306
5394;0;864;0;0.9988439306
5395;0;864;0;0.9988439306
5396;0;864;0;0.9988439306
5397;0;864;0;0.9988439306
5398;0;864;0;0.9988439306
5399;0;864;0;0.9988439306
5400;0;864;0;0.9988439306
5401;0;864;0;0.9988439306
5402;0;864;0;0.9988439306
5403;0;864;0;0.9988439306
5404;0;864;0;0.9988439306
5405;0;864;0;0.9988439306
5406;0;864;0;0.9988439306
5407;0;864;0;0.9988439306
5408;0;864;0;0.9988439306
5409;0;864;0;0.9988439306
5410;0;864;0;0.9988439306
5411;0;864;0;0.9988439306
5412;0;864;0;0.9988439306
5413;0;864;0;0.9988439306
5414;0;864;0;0.9988439306
5415;0;864;0;0.9988439306
5416;0;864;0;0.9988439306
5417;0;864;0;0.9988439306
5418;0;864;0;0.9988439306
5419;0;864;0;0.9988439306
5420;0;864;0;0.9988439306
5421;0;864;0;0.9988439306
5422;0;864;0;0.9988439306
5423;0;864;0;0.9988439306
5424;0;864;0;0.9988439306
5425;0;864;0;0.9988439306
5426;0;864;0;0.9988439306
5427;0;864;0;0.9988439306
5428;0;864;0;0.9988439306
5429;0;864;0;0.9988439306
5430;0;864;0;0.9988439306
5431;0;864;0;0.9988439306
5432;0;864;0;0.9988439306
5433;0;864;0;0.9988439306
5434;0;864;0;0.9988439306
5435;0;864;0;0.9988439306
5436;0;864;0;0.9988439306
5437;0;864;0;0.9988439306
5438;0;864;0;0.9988439306
5439;0;864;0;0.9988439306
5440;0;864;0;0.9988439306
5441;0;864;0;0.9988439306
5442;0;864;0;0.9988439306
5443;0;864;0;0.9988439306
5444;0;864;0;0.9988439306
5445;0;864;0;0.9988439306
5446;0;864;0;0.9988439306
5447;0;864;0;0.9988439306
5448;0;864;0;0.9988439306
5449;0;864;0;0.9988439306
5450;0;864;0;0.9988439306
5451;0;864;0;0.9988439306
5452;0;864;0;0.9988439306
5453;0;864;0;0.9988439306
5454;0;864;0;0.9988439306
5455;0;864;0;0.9988439306
5456;0;864;0;0.9988439306
5457;0;864;0;0.9988439306
5458;0;864;0;0.9988439306
5459;0;864;0;0.9988439306
5460;0;864;0;0.9988439306
5461;0;864;0;0.9988439306
5462;0;864;0;0.9988439306
5463;0;864;0;0.9988439306
5464;0;864;0;0.9988439306
5465;0;864;0;0.9988439306
5466;0;864;0;0.9988439306
5467;0;864;0;0.9988439306
5468;0;864;0;0.9988439306
5469;0;864;0;0.9988439306
5470;0;864;0;0.9988439306
5471;0;864;0;0.9988439306
5472;0;864;0;0.9988439306
5473;0;864;0;0.9988439306
5474;0;864;0;0.9988439306
5475;0;864;0;0.9988439306
5476;0;864;0;0.9988439306
5477;0;864;0;0.9988439306
5478;0;864;0;0.9988439306
5479;0;864;0;0.9988439306
5480;0;864;0;0.9988439306
5481;0;864;0;0.9988439306
5482;0;864;0;0.9988439306
5483;0;864;0;0.9988439306
5484;0;864;0;0.9988439306
5485;0;864;0;0.9988439306
5486;0;864;0;0.9988439306
5487;0;864;0;0.9988439306
5488;0;864;0;0.9988439306
5489;0;864;0;0.9988439306
5490;0;864;0;0.9988439306
5491;0;864;0;0.9988439306
5492;0;864;0;0.9988439306
5493;0;864;0;0.9988439306
5494;0;864;0;0.9988439306
5495;0;864;0;0.9988439306
5496;0;864;0;0.9988439306
5497;0;864;0;0.9988439306
5498;0;864;0;0.9988439306
5499;0;864;0;0.9988439306
5500;0;864;0;0.9988439306
5501;0;864;0;0.9988439306
5502;0;864;0;0.9988439306
5503;0;864;0;0.9988439306
5504;0;864;0;0.9988439306
5505;0;864;0;0.9988439306
5506;0;864;0;0.9988439306
5507;0;864;0;0.9988439306
5508;0;864;0;0.9988439306
5509;0;864;0;0.9988439306
5510;0;864;0;0.9988439306
5511;0;864;0;0.9988439306
5512;0;864;0;0.9988439306
5513;0;864;0;0.9988439306
5514;0;864;0;0.9988439306
5515;0;864;0;0.9988439306
5516;0;864;0;0.9988439306
5517;0;864;0;0.9988439306
5518;0;864;0;0.9988439306
5519;0;864;0;0.9988439306
5520;0;864;0;0.9988439306
5521;0;864;0;0.9988439306
5522;0;864;0;0.9988439306
5523;0;864;0;0.9988439306
5524;0;864;0;0.9988439306
5525;0;864;0;0.9988439306
5526;0;864;0;0.9988439306
5527;0;864;0;0.9988439306
5528;0;864;0;0.9988439306
5529;0;864;0;0.9988439306
5530;0;864;0;0.9988439306
5531;0;864;0;0.9988439306
5532;0;864;0;0.9988439306
5533;0;864;0;0.9988439306
5534;0;864;0;0.9988439306
5535;0;864;0;0.9988439306
5536;0;864;0;0.9988439306
5537;0;864;0;0.9988439306
5538;0;864;0;0.9988439306
5539;0;864;0;0.9988439306
5540;0;864;0;0.9988439306
5541;0;864;0;0.9988439306
5542;0;864;0;0.9988439306
5543;0;864;0;0.9988439306
5544;0;864;0;0.9988439306
5545;0;864;0;0.9988439306
5546;0;864;0;0.9988439306
5547;0;864;0;0.9988439306
5548;0;864;0;0.9988439306
5549;0;864;0;0.9988439306
5550;0;864;0;0.9988439306
5551;0;864;0;0.9988439306
5552;0;864;0;0.9988439306
5553;0;864;0;0.9988439306
5554;0;864;0;0.9988439306
5555;0;864;0;0.9988439306
5556;0;864;0;0.9988439306
5557;0;864;0;0.9988439306
5558;0;864;0;0.9988439306
5559;0;864;0;0.9988439306
5560;0;864;0;0.9988439306
5561;0;864;0;0.9988439306
5562;0;864;0;0.9988439306
5563;0;864;0;0.9988439306
5564;0;864;0;0.9988439306
5565;0;864;0;0.9988439306
5566;0;864;0;0.9988439306
5567;0;864;0;0.9988439306
5568;0;864;0;0.9988439306
5569;0;864;0;0.9988439306
5570;0;864;0;0.9988439306
5571;0;864;0;0.9988439306
5572;0;864;0;0.9988439306
5573;0;864;0;0.9988439306
5574;0;864;0;0.9988439306
5575;0;864;0;0.9988439306
5576;0;864;0;0.9988439306
5577;0;864;0;0.9988439306
5578;0;864;0;0.9988439306
5579;0;864;0;0.9988439306
5580;0;864;0;0.9988439306
5581;0;864;0;0.9988439306
5582;0;864;0;0.9988439306
5583;0;864;0;0.9988439306
5584;0;864;0;0.9988439306
5585;0;864;0;0.9988439306
5586;0;864;0;0.9988439306
5587;0;864;0;0.9988439306
5588;0;864;0;0.9988439306
5589;0;864;0;0.9988439306
5590;0;864;0;0.9988439306
5591;0;864;0;0.9988439306
5592;0;864;0;0.9988439306
5593;0;864;0;0.9988439306
5594;0;864;0;0.9988439306
5595;0;864;0;0.9988439306
5596;0;864;0;0.9988439306
5597;0;864;0;0.9988439306
5598;0;864;0;0.9988439306
5599;0;864;0;0.9988439306
5600;0;864;0;0.9988439306
5601;0;864;0;0.9988439306
5602;0;864;0;0.9988439306
5603;0;864;0;0.9988439306
5604;0;864;0;0.9988439306
5605;0;864;0;0.9988439306
5606;0;864;0;0.9988439306
5607;0;864;0;0.9988439306
5608;0;864;0;0.9988439306
5609;0;864;0;0.9988439306
5610;0;864;0;0.9988439306
5611;0;864;0;0.9988439306
5612;0;864;0;0.9988439306
5613;0;864;0;0.9988439306
5614;0;864;0;0.9988439306
5615;0;864;0;0.9988439306
5616;0;864;0;0.9988439306
5617;0;864;0;0.9988439306
5618;0;864;0;0.9988439306
5619;0;864;0;0.9988439306
5620;0;864;0;0.9988439306
5621;0;864;0;0.9988439306
5622;0;864;0;0.9988439306
5623;0;864;0;0.9988439306
5624;0;864;0;0.9988439306
5625;0;864;0;0.9988439306
5626;0;864;0;0.9988439306
5627;0;864;0;0.9988439306
5628;0;864;0;0.9988439306
5629;0;864;0;0.9988439306
5630;0;864;0;0.9988439306
5631;0;864;0;0.9988439306
5632;0;864;0;0.9988439306
5633;0;864;0;0.9988439306
5634;0;864;0;0.9988439306
5635;0;864;0;0.9988439306
5636;0;864;0;0.9988439306
5637;0;864;0;0.9988439306
5638;0;864;0;0.9988439306
5639;0;864;0;0.9988439306
5640;0;864;0;0.9988439306
5641;0;864;0;0.9988439306
5642;0;864;0;0.9988439306
5643;0;864;0;0.9988439306
5644;0;864;0;0.9988439306
5645;0;864;0;0.9988439306
5646;0;864;0;0.9988439306
5647;0;864;0;0.9988439306
5648;0;864;0;0.9988439306
5649;0;864;0;0.9988439306
5650;0;864;0;0.9988439306
5651;0;864;0;0.9988439306
5652;0;864;0;0.9988439306
5653;0;864;0;0.9988439306
5654;0;864;0;0.9988439306
5655;0;864;0;0.9988439306
5656;0;864;0;0.9988439306
5657;0;864;0;0.9988439306
5658;0;864;0;0.9988439306
5659;0;864;0;0.9988439306
5660;0;864;0;0.9988439306
5661;0;864;0;0.9988439306
5662;0;864;0;0.9988439306
5663;0;864;0;0.9988439306
5664;0;864;0;0.9988439306
5665;0;864;0;0.9988439306
5666;0;864;0;0.9988439306
5667;0;864;0;0.9988439306
5668;0;864;0;0.9988439306
5669;0;864;0;0.9988439306
5670;0;864;0;0.9988439306
5671;0;864;0;0.9988439306
5672;0;864;0;0.9988439306
5673;0;864;0;0.9988439306
5674;0;864;0;0.9988439306
5675;0;864;0;0.9988439306
5676;0;864;0;0.9988439306
5677;0;864;0;0.9988439306
5678;0;864;0;0.9988439306
5679;0;864;0;0.9988439306
5680;0;864;0;0.9988439306
5681;0;864;0;0.9988439306
5682;0;864;0;0.9988439306
5683;0;864;0;0.9988439306
5684;0;864;0;0.9988439306
5685;0;864;0;0.9988439306
5686;0;864;0;0.9988439306
5687;0;864;0;0.9988439306
5688;0;864;0;0.9988439306
5689;0;864;0;0.9988439306
5690;0;864;0;0.9988439306
5691;0;864;0;0.9988439306
5692;0;864;0;0.9988439306
5693;0;864;0;0.9988439306
5694;0;864;0;0.9988439306
5695;0;864;0;0.9988439306
5696;0;864;0;0.9988439306
5697;0;864;0;0.9988439306
5698;0;864;0;0.9988439306
5699;0;864;0;0.9988439306
5700;0;864;0;0.9988439306
5701;0;864;0;0.9988439306
5702;0;864;0;0.9988439306
5703;0;864;0;0.9988439306
5704;0;864;0;0.9988439306
5705;0;864;0;0.9988439306
5706;0;864;0;0.9988439306
5707;0;864;0;0.9988439306
5708;0;864;0;0.9988439306
5709;0;864;0;0.9988439306
5710;0;864;0;0.9988439306
5711;0;864;0;0.9988439306
5712;0;864;0;0.9988439306
5713;0;864;0;0.9988439306
5714;0;864;0;0.9988439306
5715;0;864;0;0.9988439306
5716;0;864;0;0.9988439306
5717;0;864;0;0.9988439306
5718;0;864;0;0.9988439306
5719;0;864;0;0.9988439306
5720;0;864;0;0.9988439306
5721;0;864;0;0.9988439306
5722;0;864;0;0.9988439306
5723;0;864;0;0.9988439306
5724;0;864;0;0.9988439306
5725;0;864;0;0.9988439306
5726;0;864;0;0.9988439306
5727;0;864;0;0.9988439306
5728;0;864;0;0.9988439306
5729;0;864;0;0.9988439306
5730;0;864;0;0.9988439306
5731;0;864;0;0.9988439306
5732;0;864;0;0.9988439306
5733;0;864;0;0.9988439306
5734;0;864;0;0.9988439306
5735;0;864;0;0.9988439306
5736;0;864;0;0.9988439306
5737;0;864;0;0.9988439306
5738;0;864;0;0.9988439306
5739;0;864;0;0.9988439306
5740;0;864;0;0.9988439306
5741;0;864;0;0.9988439306
5742;0;864;0;0.9988439306
5743;0;864;0;0.9988439306
5744;0;864;0;0.9988439306
5745;0;864;0;0.9988439306
5746;0;864;0;0.9988439306
5747;0;864;0;0.9988439306
5748;0;864;0;0.9988439306
5749;0;864;0;0.9988439306
5750;0;864;0;0.9988439306
5751;0;864;0;0.9988439306
5752;0;864;0;0.9988439306
5753;0;864;0;0.9988439306
5754;0;864;0;0.9988439306
5755;0;864;0;0.9988439306
5756;0;864;0;0.9988439306
5757;0;864;0;0.9988439306
5758;0;864;0;0.9988439306
5759;0;864;0;0.9988439306
5760;0;864;0;0.9988439306
5761;0;864;0;0.9988439306
5762;0;864;0;0.9988439306
5763;0;864;0;0.9988439306
5764;0;864;0;0.9988439306
5765;0;864;0;0.9988439306
5766;0;864;0;0.9988439306
5767;0;864;0;0.9988439306
5768;0;864;0;0.9988439306
5769;0;864;0;0.9988439306
5770;0;864;0;0.9988439306
5771;0;864;0;0.9988439306
5772;0;864;0;0.9988439306
5773;0;864;0;0.9988439306
5774;0;864;0;0.9988439306
5775;0;864;0;0.9988439306
5776;0;864;0;0.9988439306
5777;0;864;0;0.9988439306
5778;0;864;0;0.9988439306
5779;0;864;0;0.9988439306
5780;0;864;0;0.9988439306
5781;0;864;0;0.9988439306
5782;0;864;0;0.9988439306
5783;0;864;0;0.9988439306
5784;0;864;0;0.9988439306
5785;0;864;0;0.9988439306
5786;0;864;0;0.9988439306
5787;0;864;0;0.9988439306
5788;0;864;0;0.9988439306
5789;0;864;0;0.9988439306
5790;0;864;0;0.9988439306
5791;0;864;0;0.9988439306
5792;0;864;0;0.9988439306
5793;0;864;0;0.9988439306
5794;0;864;0;0.9988439306
5795;0;864;0;0.9988439306
5796;0;864;0;0.9988439306
5797;0;864;0;0.9988439306
5798;0;864;0;0.9988439306
5799;0;864;0;0.9988439306
5800;0;864;0;0.9988439306
5801;0;864;0;0.9988439306
5802;0;864;0;0.9988439306
5803;0;864;0;0.9988439306
5804;0;864;0;0.9988439306
5805;0;864;0;0.9988439306
5806;0;864;0;0.9988439306
5807;0;864;0;0.9988439306
5808;0;864;0;0.9988439306
5809;0;864;0;0.9988439306
5810;0;864;0;0.9988439306
5811;0;864;0;0.9988439306
5812;0;864;0;0.9988439306
5813;0;864;0;0.9988439306
5814;0;864;0;0.9988439306
5815;0;864;0;0.9988439306
5816;0;864;0;0.9988439306
5817;0;864;0;0.9988439306
5818;0;864;0;0.9988439306
5819;0;864;0;0.9988439306
5820;0;864;0;0.9988439306
5821;0;864;0;0.9988439306
5822;0;864;0;0.9988439306
5823;0;864;0;0.9988439306
5824;0;864;0;0.9988439306
5825;0;864;0;0.9988439306
5826;0;864;0;0.9988439306
5827;0;864;0;0.9988439306
5828;0;864;0;0.9988439306
5829;0;864;0;0.9988439306
5830;0;864;0;0.9988439306
5831;0;864;0;0.9988439306
5832;0;864;0;0.9988439306
5833;0;864;0;0.9988439306
5834;0;864;0;0.9988439306
5835;0;864;0;0.9988439306
5836;0;864;0;0.9988439306
5837;0;864;0;0.9988439306
5838;0;864;0;0.9988439306
5839;0;864;0;0.9988439306
5840;0;864;0;0.9988439306
5841;0;864;0;0.9988439306
5842;0;864;0;0.9988439306
5843;0;864;0;0.9988439306
5844;0;864;0;0.9988439306
5845;0;864;0;0.9988439306
5846;0;864;0;0.9988439306
5847;0;864;0;0.9988439306
5848;0;864;0;0.9988439306
5849;0;864;0;0.9988439306
5850;0;864;0;0.9988439306
5851;0;864;0;0.9988439306
5852;0;864;0;0.9988439306
5853;0;864;0;0.9988439306
5854;0;864;0;0.9988439306
5855;0;864;0;0.9988439306
5856;0;864;0;0.9988439306
5857;0;864;0;0.9988439306
5858;0;864;0;0.9988439306
5859;0;864;0;0.9988439306
5860;0;864;0;0.9988439306
5861;0;864;0;0.9988439306
5862;0;864;0;0.9988439306
5863;0;864;0;0.9988439306
5864;0;864;0;0.9988439306
5865;0;864;0;0.9988439306
5866;0;864;0;0.9988439306
5867;0;864;0;0.9988439306
5868;0;864;0;0.9988439306
5869;0;864;0;0.9988439306
5870;0;864;0;0.9988439306
5871;0;864;0;0.9988439306
5872;0;864;0;0.9988439306
5873;0;864;0;0.9988439306
5874;0;864;0;0.9988439306
5875;0;864;0;0.9988439306
5876;0;864;0;0.9988439306
5877;0;864;0;0.9988439306
5878;0;864;0;0.9988439306
5879;0;864;0;0.9988439306
5880;0;864;0;0.9988439306
5881;0;864;0;0.9988439306
5882;0;864;0;0.9988439306
5883;0;864;0;0.9988439306
5884;0;864;0;0.9988439306
5885;0;864;0;0.9988439306
5886;0;864;0;0.9988439306
5887;0;864;0;0.9988439306
5888;0;864;0;0.9988439306
5889;0;864;0;0.9988439306
5890;0;864;0;0.9988439306
5891;0;864;0;0.9988439306
5892;0;864;0;0.9988439306
5893;0;864;0;0.9988439306
5894;0;864;0;0.9988439306
5895;0;864;0;0.9988439306
5896;0;864;0;0.9988439306
5897;0;864;0;0.9988439306
5898;0;864;0;0.9988439306
5899;0;864;0;0.9988439306
5900;0;864;0;0.9988439306
5901;0;864;0;0.9988439306
5902;0;864;0;0.9988439306
5903;0;864;0;0.9988439306
5904;0;864;0;0.9988439306
5905;0;864;0;0.9988439306
5906;0;864;0;0.9988439306
5907;0;864;0;0.9988439306
5908;0;864;0;0.9988439306
5909;0;864;0;0.9988439306
5910;0;864;0;0.9988439306
5911;0;864;0;0.9988439306
5912;0;864;0;0.9988439306
5913;0;864;0;0.9988439306
5914;0;864;0;0.9988439306
5915;0;864;0;0.9988439306
5916;0;864;0;0.9988439306
5917;0;864;0;0.9988439306
5918;0;864;0;0.9988439306
5919;0;864;0;0.9988439306
5920;0;864;0;0.9988439306
5921;0;864;0;0.9988439306
5922;0;864;0;0.9988439306
5923;0;864;0;0.9988439306
5924;0;864;0;0.9988439306
5925;0;864;0;0.9988439306
5926;0;864;0;0.9988439306
5927;0;864;0;0.9988439306
5928;0;864;0;0.9988439306
5929;0;864;0;0.9988439306
5930;0;864;0;0.9988439306
5931;0;864;0;0.9988439306
5932;0;864;0;0.9988439306
5933;0;864;0;0.9988439306
5934;0;864;0;0.9988439306
5935;0;864;0;0.9988439306
5936;0;864;0;0.9988439306
5937;0;864;0;0.9988439306
5938;0;864;0;0.9988439306
5939;0;864;0;0.9988439306
5940;0;864;0;0.9988439306
5941;0;864;0;0.9988439306
5942;0;864;0;0.9988439306
5943;0;864;0;0.9988439306
5944;0;864;0;0.9988439306
5945;0;864;0;0.9988439306
5946;0;864;0;0.9988439306
5947;0;864;0;0.9988439306
5948;0;864;0;0.9988439306
5949;0;864;0;0.9988439306
5950;0;864;0;0.9988439306
5951;0;864;0;0.9988439306
5952;0;864;0;0.9988439306
5953;0;864;0;0.9988439306
5954;0;864;0;0.9988439306
5955;1;865;0.0011560694;1
5956;0;865;0;1
5957;0;865;0;1
5958;0;865;0;1
5959;0;865;0;1
5960;0;865;0;1
5961;0;865;0;1
5962;0;865;0;1
5963;0;865;0;1
5964;0;865;0;1
5965;0;865;0;1
5966;0;865;0;1
5967;0;865;0;1
5968;0;865;0;1
5969;0;865;0;1
5970;0;865;0;1
5971;0;865;0;1
5972;0;865;0;1
5973;0;865;0;1
5974;0;865;0;1
5975;0;865;0;1
5976;0;865;0;1
5977;0;865;0;1
5978;0;865;0;1
5979;0;865;0;1
5980;0;865;0;1
5981;0;865;0;1
5982;0;865;0;1
5983;0;865;0;1
5984;0;865;0;1
5985;0;865;0;1
5986;0;865;0;1
5987;0;865;0;1
5988;0;865;0;1
5989;0;865;0;1
5990;0;865;0;1
5991;0;865;0;1
5992;0;865;0;1
5993;0;865;0;1
5994;0;865;0;1
5995;0;865;0;1
5996;0;865;0;1
5997;0;865;0;1
5998;0;865;0;1
5999;0;865;0;1
6000;0;865;0;1
6001;0;865;0;1
6002;0;865;0;1
6003;0;865;0;1
6004;0;865;0;1
6005;0;865;0;1
6006;0;865;0;1
6007;0;865;0;1
6008;0;865;0;1
6009;0;865;0;1
6010;0;865;0;1
6011;0;865;0;1
6012;0;865;0;1
6013;0;865;0;1
6014;0;865;0;1
6015;0;865;0;1
6016;0;865;0;1
6017;0;865;0;1
6018;0;865;0;1
6019;0;865;0;1
6020;0;865;0;1
6021;0;865;0;1
6022;0;865;0;1
6023;0;865;0;1
6024;0;865;0;1
6025;0;865;0;1
6026;0;865;0;1
6027;0;865;0;1
6028;0;865;0;1
6029;0;865;0;1
6030;0;865;0;1
6031;0;865;0;1
6032;0;865;0;1
6033;0;865;0;1
6034;0;865;0;1
6035;0;865;0;1
6036;0;865;0;1
6037;0;865;0;1
6038;0;865;0;1
6039;0;865;0;1
6040;0;865;0;1
6041;0;865;0;1
6042;0;865;0;1
6043;0;865;0;1
6044;0;865;0;1
6045;0;865;0;1
6046;0;865;0;1
6047;0;865;0;1
6048;0;865;0;1
6049;0;865;0;1
6050;0;865;0;1
6051;0;865;0;1
6052;0;865;0;1
6053;0;865;0;1
6054;0;865;0;1
6055;0;865;0;1
6056;0;865;0;1
6057;0;865;0;1
6058;0;865;0;1
6059;0;865;0;1
6060;0;865;0;1
6061;0;865;0;1
6062;0;865;0;1
6063;0;865;0;1
6064;0;865;0;1
6065;0;865;0;1
6066;0;865;0;1
6067;0;865;0;1
6068;0;865;0;1
6069;0;865;0;1
6070;0;865;0;1
6071;0;865;0;1
6072;0;865;0;1
6073;0;865;0;1
6074;0;865;0;1
6075;0;865;0;1
6076;0;865;0;1
6077;0;865;0;1
6078;0;865;0;1
6079;0;865;0;1
6080;0;865;0;1
6081;0;865;0;1
6082;0;865;0;1
6083;0;865;0;1
6084;0;865;0;1
6085;0;865;0;1
6086;0;865;0;1
6087;0;865;0;1
6088;0;865;0;1
6089;0;865;0;1
6090;0;865;0;1
6091;0;865;0;1
6092;0;865;0;1
6093;0;865;0;1
6094;0;865;0;1
6095;0;865;0;1
6096;0;865;0;1
6097;0;865;0;1
6098;0;865;0;1
6099;0;865;0;1
6100;0;865;0;1
6101;0;865;0;1
6102;0;865;0;1
6103;0;865;0;1
6104;0;865;0;1
6105;0;865;0;1
6106;0;865;0;1
6107;0;865;0;1
6108;0;865;0;1
6109;0;865;0;1
6110;0;865;0;1
6111;0;865;0;1
6112;0;865;0;1
6113;0;865;0;1
6114;0;865;0;1
6115;0;865;0;1
6116;0;865;0;1
6117;0;865;0;1
6118;0;865;0;1
6119;0;865;0;1
6120;0;865;0;1
6121;0;865;0;1
6122;0;865;0;1
6123;0;865;0;1
6124;0;865;0;1
6125;0;865;0;1
6126;0;865;0;1
6127;0;865;0;1
6128;0;865;0;1
6129;0;865;0;1
6130;0;865;0;1
6131;0;865;0;1
6132;0;865;0;1
6133;0;865;0;1
6134;0;865;0;1
6135;0;865;0;1
6136;0;865;0;1
6137;0;865;0;1
6138;0;865;0;1
6139;0;865;0;1
6140;0;865;0;1
6141;0;865;0;1
6142;0;865;0;1
6143;0;865;0;1
6144;0;865;0;1
6145;0;865;0;1
6146;0;865;0;1
6147;0;865;0;1
6148;0;865;0;1
6149;0;865;0;1
6150;0;865;0;1
6151;0;865;0;1
6152;0;865;0;1
6153;0;865;0;1
6154;0;865;0;1
6155;0;865;0;1
6156;0;865;0;1
6157;0;865;0;1
6158;0;865;0;1
6159;0;865;0;1
6160;0;865;0;1
6161;0;865;0;1
6162;0;865;0;1
6163;0;865;0;1
6164;0;865;0;1
6165;0;865;0;1
6166;0;865;0;1
6167;0;865;0;1
6168;0;865;0;1
6169;0;865;0;1
6170;0;865;0;1
6171;0;865;0;1
6172;0;865;0;1
6173;0;865;0;1
6174;0;865;0;1
6175;0;865;0;1
6176;0;865;0;1
6177;0;865;0;1
6178;0;865;0;1
6179;0;865;0;1
6180;0;865;0;1
6181;0;865;0;1
6182;0;865;0;1
6183;0;865;0;1
6184;0;865;0;1
6185;0;865;0;1
6186;0;865;0;1
6187;0;865;0;1
6188;0;865;0;1
6189;0;865;0;1
6190;0;865;0;1
6191;0;865;0;1
6192;0;865;0;1
6193;0;865;0;1
6194;0;865;0;1
6195;0;865;0;1
6196;0;865;0;1
6197;0;865;0;1
6198;0;865;0;1
6199;0;865;0;1
6200;0;865;0;1
6201;0;865;0;1
6202;0;865;0;1
6203;0;865;0;1
6204;0;865;0;1
6205;0;865;0;1
6206;0;865;0;1
6207;0;865;0;1
6208;0;865;0;1
6209;0;865;0;1
6210;0;865;0;1
6211;0;865;0;1
6212;0;865;0;1
6213;0;865;0;1
6214;0;865;0;1
6215;0;865;0;1
6216;0;865;0;1
6217;0;865;0;1
6218;0;865;0;1
6219;0;865;0;1
6220;0;865;0;1
6221;0;865;0;1
6222;0;865;0;1
6223;0;865;0;1
6224;0;865;0;1
6225;0;865;0;1
6226;0;865;0;1
6227;0;865;0;1
6228;0;865;0;1
6229;0;865;0;1
6230;0;865;0;1
6231;0;865;0;1
6232;0;865;0;1
6233;0;865;0;1
6234;0;865;0;1
6235;0;865;0;1
6236;0;865;0;1
6237;0;865;0;1
6238;0;865;0;1
6239;0;865;0;1
6240;0;865;0;1
6241;0;865;0;1
6242;0;865;0;1
6243;0;865;0;1
6244;0;865;0;1
6245;0;865;0;1
6246;0;865;0;1
6247;0;865;0;1
6248;0;865;0;1
6249;0;865;0;1
6250;0;865;0;1
6251;0;865;0;1
6252;0;865;0;1
6253;0;865;0;1
6254;0;865;0;1
6255;0;865;0;1
6256;0;865;0;1
6257;0;865;0;1
6258;0;865;0;1
6259;0;865;0;1
6260;0;865;0;1
6261;0;865;0;1
6262;0;865;0;1
6263;0;865;0;1
6264;0;865;0;1
6265;0;865;0;1
6266;0;865;0;1
6267;0;865;0;1
6268;0;865;0;1
6269;0;865;0;1
6270;0;865;0;1
6271;0;865;0;1
6272;0;865;0;1
6273;0;865;0;1
6274;0;865;0;1
6275;0;865;0;1
6276;0;865;0;1
6277;0;865;0;1
6278;0;865;0;1
6279;0;865;0;1
6280;0;865;0;1
6281;0;865;0;1
6282;0;865;0;1
6283;0;865;0;1
6284;0;865;0;1
6285;0;865;0;1
6286;0;865;0;1
6287;0;865;0;1
6288;0;865;0;1
6289;0;865;0;1
6290;0;865;0;1
6291;0;865;0;1
6292;0;865;0;1
6293;0;865;0;1
6294;0;865;0;1
6295;0;865;0;1
6296;0;865;0;1
6297;0;865;0;1
6298;0;865;0;1
6299;0;865;0;1
6300;0;865;0;1
6301;0;865;0;1
6302;0;865;0;1
6303;0;865;0;1
6304;0;865;0;1
6305;0;865;0;1
6306;0;865;0;1
6307;0;865;0;1
6308;0;865;0;1
6309;0;865;0;1
6310;0;865;0;1
6311;0;865;0;1
6312;0;865;0;1
6313;0;865;0;1
6314;0;865;0;1
6315;0;865;0;1
6316;0;865;0;1
6317;0;865;0;1
6318;0;865;0;1
6319;0;865;0;1
6320;0;865;0;1
6321;0;865;0;1
6322;0;865;0;1
6323;0;865;0;1
6324;0;865;0;1
6325;0;865;0;1
6326;0;865;0;1
6327;0;865;0;1
6328;0;865;0;1
6329;0;865;0;1
6330;0;865;0;1
6331;0;865;0;1
6332;0;865;0;1
6333;0;865;0;1
6334;0;865;0;1
6335;0;865;0;1
6336;0;865;0;1
6337;0;865;0;1
6338;0;865;0;1
6339;0;865;0;1
6340;0;865;0;1
6341;0;865;0;1
6342;0;865;0;1
6343;0;865;0;1
6344;0;865;0;1
6345;0;865;0;1
6346;0;865;0;1
6347;0;865;0;1
6348;0;865;0;1
6349;0;865;0;1
6350;0;865;0;1
6351;0;865;0;1
6352;0;865;0;1
6353;0;865;0;1
6354;0;865;0;1
6355;0;865;0;1
6356;0;865;0;1
6357;0;865;0;1
6358;0;865;0;1
6359;0;865;0;1
6360;0;865;0;1
6361;0;865;0;1
6362;0;865;0;1
6363;0;865;0;1
6364;0;865;0;1
6365;0;865;0;1
6366;0;865;0;1
6367;0;865;0;1
6368;0;865;0;1
6369;0;865;0;1
6370;0;865;0;1
6371;0;865;0;1
6372;0;865;0;1
6373;0;865;0;1
6374;0;865;0;1
6375;0;865;0;1
6376;0;865;0;1
6377;0;865;0;1
6378;0;865;0;1
6379;0;865;0;1
6380;0;865;0;1
6381;0;865;0;1
6382;0;865;0;1
6383;0;865;0;1
6384;0;865;0;1
6385;0;865;0;1
6386;0;865;0;1
6387;0;865;0;1
6388;0;865;0;1
6389;0;865;0;1
6390;0;865;0;1
6391;0;865;0;1
6392;0;865;0;1
6393;0;865;0;1
6394;0;865;0;1
6395;0;865;0;1
6396;0;865;0;1
6397;0;865;0;1
6398;0;865;0;1
6399;0;865;0;1
6400;0;865;0;1
6401;0;865;0;1
6402;0;865;0;1
6403;0;865;0;1
6404;0;865;0;1
6405;0;865;0;1
6406;0;865;0;1
6407;0;865;0;1
6408;0;865;0;1
6409;0;865;0;1
6410;0;865;0;1
6411;0;865;0;1
6412;0;865;0;1
6413;0;865;0;1
6414;0;865;0;1
6415;0;865;0;1
6416;0;865;0;1
6417;0;865;0;1
6418;0;865;0;1
6419;0;865;0;1
6420;0;865;0;1
6421;0;865;0;1
6422;0;865;0;1
6423;0;865;0;1
6424;0;865;0;1
6425;0;865;0;1
6426;0;865;0;1
6427;0;865;0;1
6428;0;865;0;1
6429;0;865;0;1
6430;0;865;0;1
6431;0;865;0;1
6432;0;865;0;1
6433;0;865;0;1
6434;0;865;0;1
6435;0;865;0;1
6436;0;865;0;1
6437;0;865;0;1
6438;0;865;0;1
6439;0;865;0;1
6440;0;865;0;1
6441;0;865;0;1
6442;0;865;0;1
6443;0;865;0;1
6444;0;865;0;1
6445;0;865;0;1
6446;0;865;0;1
6447;0;865;0;1
6448;0;865;0;1
6449;0;865;0;1
6450;0;865;0;1
6451;0;865;0;1
6452;0;865;0;1
6453;0;865;0;1
6454;0;865;0;1
6455;0;865;0;1
6456;0;865;0;1
6457;0;865;0;1
6458;0;865;0;1
6459;0;865;0;1
6460;0;865;0;1
6461;0;865;0;1
6462;0;865;0;1
6463;0;865;0;1
6464;0;865;0;1
6465;0;865;0;1
6466;0;865;0;1
6467;0;865;0;1
6468;0;865;0;1
6469;0;865;0;1
6470;0;865;0;1
6471;0;865;0;1
6472;0;865;0;1
6473;0;865;0;1
6474;0;865;0;1
6475;0;865;0;1
6476;0;865;0;1
6477;0;865;0;1
6478;0;865;0;1
6479;0;865;0;1
6480;0;865;0;1
6481;0;865;0;1
6482;0;865;0;1
6483;0;865;0;1
6484;0;865;0;1
6485;0;865;0;1
6486;0;865;0;1
6487;0;865;0;1
6488;0;865;0;1
6489;0;865;0;1
6490;0;865;0;1
6491;0;865;0;1
6492;0;865;0;1
6493;0;865;0;1
6494;0;865;0;1
6495;0;865;0;1
6496;0;865;0;1
6497;0;865;0;1
6498;0;865;0;1
6499;0;865;0;1
6500;0;865;0;1
6501;0;865;0;1
6502;0;865;0;1
6503;0;865;0;1
6504;0;865;0;1
6505;0;865;0;1
6506;0;865;0;1
6507;0;865;0;1
6508;0;865;0;1
6509;0;865;0;1
6510;0;865;0;1
6511;0;865;0;1
6512;0;865;0;1
6513;0;865;0;1
6514;0;865;0;1
6515;0;865;0;1
6516;0;865;0;1
6517;0;865;0;1
6518;0;865;0;1
6519;0;865;0;1
6520;0;865;0;1
6521;0;865;0;1
6522;0;865;0;1
6523;0;865;0;1
6524;0;865;0;1
6525;0;865;0;1
6526;0;865;0;1
6527;0;865;0;1
6528;0;865;0;1
6529;0;865;0;1
6530;0;865;0;1
6531;0;865;0;1
6532;0;865;0;1
6533;0;865;0;1
6534;0;865;0;1
6535;0;865;0;1
6536;0;865;0;1
6537;0;865;0;1
6538;0;865;0;1
6539;0;865;0;1
6540;0;865;0;1
6541;0;865;0;1
6542;0;865;0;1
6543;0;865;0;1
6544;0;865;0;1
6545;0;865;0;1
6546;0;865;0;1
6547;0;865;0;1
6548;0;865;0;1
6549;0;865;0;1
6550;0;865;0;1
6551;0;865;0;1
6552;0;865;0;1
6553;0;865;0;1
6554;0;865;0;1
6555;0;865;0;1
6556;0;865;0;1
6557;0;865;0;1
6558;0;865;0;1
6559;0;865;0;1
6560;0;865;0;1
6561;0;865;0;1
6562;0;865;0;1
6563;0;865;0;1
6564;0;865;0;1
6565;0;865;0;1
6566;0;865;0;1
6567;0;865;0;1
6568;0;865;0;1
6569;0;865;0;1
6570;0;865;0;1
6571;0;865;0;1
6572;0;865;0;1
6573;0;865;0;1
6574;0;865;0;1
6575;0;865;0;1
6576;0;865;0;1
6577;0;865;0;1
6578;0;865;0;1
6579;0;865;0;1
6580;0;865;0;1
6581;0;865;0;1
6582;0;865;0;1
6583;0;865;0;1
6584;0;865;0;1
6585;0;865;0;1
6586;0;865;0;1
6587;0;865;0;1
6588;0;865;0;1
6589;0;865;0;1
6590;0;865;0;1
6591;0;865;0;1
6592;0;865;0;1
6593;0;865;0;1
6594;0;865;0;1
6595;0;865;0;1
6596;0;865;0;1
6597;0;865;0;1
6598;0;865;0;1
6599;0;865;0;1
6600;0;865;0;1
6601;0;865;0;1
6602;0;865;0;1
6603;0;865;0;1
6604;0;865;0;1
6605;0;865;0;1
6606;0;865;0;1
6607;0;865;0;1
6608;0;865;0;1
6609;0;865;0;1
6610;0;865;0;1
6611;0;865;0;1
6612;0;865;0;1
6613;0;865;0;1
6614;0;865;0;1
6615;0;865;0;1
6616;0;865;0;1
6617;0;865;0;1
6618;0;865;0;1
6619;0;865;0;1
6620;0;865;0;1
6621;0;865;0;1
6622;0;865;0;1
6623;0;865;0;1
6624;0;865;0;1
6625;0;865;0;1
6626;0;865;0;1
6627;0;865;0;1
6628;0;865;0;1
6629;0;865;0;1
6630;0;865;0;1
6631;0;865;0;1
6632;0;865;0;1
6633;0;865;0;1
6634;0;865;0;1
6635;0;865;0;1
6636;0;865;0;1
6637;0;865;0;1
6638;0;865;0;1
6639;0;865;0;1
6640;0;865;0;1
6641;0;865;0;1
6642;0;865;0;1
6643;0;865;0;1
6644;0;865;0;1
6645;0;865;0;1
6646;0;865;0;1
6647;0;865;0;1
6648;0;865;0;1
6649;0;865;0;1
6650;0;865;0;1
6651;0;865;0;1
6652;0;865;0;1
6653;0;865;0;1
6654;0;865;0;1
6655;0;865;0;1
6656;0;865;0;1
6657;0;865;0;1
6658;0;865;0;1
6659;0;865;0;1
6660;0;865;0;1
6661;0;865;0;1
6662;0;865;0;1
6663;0;865;0;1
6664;0;865;0;1
6665;0;865;0;1
6666;0;865;0;1
6667;0;865;0;1
6668;0;865;0;1
6669;0;865;0;1
6670;0;865;0;1
6671;0;865;0;1
6672;0;865;0;1
6673;0;865;0;1
6674;0;865;0;1
6675;0;865;0;1
6676;0;865;0;1
6677;0;865;0;1
6678;0;865;0;1
6679;0;865;0;1
6680;0;865;0;1
6681;0;865;0;1
6682;0;865;0;1
6683;0;865;0;1
6684;0;865;0;1
6685;0;865;0;1
6686;0;865;0;1
6687;0;865;0;1
6688;0;865;0;1
6689;0;865;0;1
6690;0;865;0;1
6691;0;865;0;1
6692;0;865;0;1
6693;0;865;0;1
6694;0;865;0;1
6695;0;865;0;1
6696;0;865;0;1
6697;0;865;0;1
6698;0;865;0;1
6699;0;865;0;1
6700;0;865;0;1
6701;0;865;0;1
6702;0;865;0;1
6703;0;865;0;1
6704;0;865;0;1
6705;0;865;0;1
6706;0;865;0;1
6707;0;865;0;1
6708;0;865;0;1
6709;0;865;0;1
6710;0;865;0;1
6711;0;865;0;1
6712;0;865;0;1
6713;0;865;0;1
6714;0;865;0;1
6715;0;865;0;1
6716;0;865;0;1
6717;0;865;0;1
6718;0;865;0;1
6719;0;865;0;1
6720;0;865;0;1
6721;0;865;0;1
6722;0;865;0;1
6723;0;865;0;1
6724;0;865;0;1
6725;0;865;0;1
6726;0;865;0;1
6727;0;865;0;1
6728;0;865;0;1
6729;0;865;0;1
6730;0;865;0;1
6731;0;865;0;1
6732;0;865;0;1
6733;0;865;0;1
6734;0;865;0;1
6735;0;865;0;1
6736;0;865;0;1
6737;0;865;0;1
6738;0;865;0;1
6739;0;865;0;1
6740;0;865;0;1
6741;0;865;0;1
6742;0;865;0;1
6743;0;865;0;1
6744;0;865;0;1
6745;0;865;0;1
6746;0;865;0;1
6747;0;865;0;1
6748;0;865;0;1
6749;0;865;0;1
6750;0;865;0;1
6751;0;865;0;1
6752;0;865;0;1
6753;0;865;0;1
6754;0;865;0;1
6755;0;865;0;1
6756;0;865;0;1
6757;0;865;0;1
6758;0;865;0;1
6759;0;865;0;1
6760;0;865;0;1
6761;0;865;0;1
6762;0;865;0;1
6763;0;865;0;1
6764;0;865;0;1
6765;0;865;0;1
6766;0;865;0;1
6767;0;865;0;1
6768;0;865;0;1
6769;0;865;0;1
6770;0;865;0;1
6771;0;865;0;1
6772;0;865;0;1
6773;0;865;0;1
6774;0;865;0;1
6775;0;865;0;1
6776;0;865;0;1
6777;0;865;0;1
6778;0;865;0;1
6779;0;865;0;1
6780;0;865;0;1
6781;0;865;0;1
6782;0;865;0;1
6783;0;865;0;1
6784;0;865;0;1
6785;0;865;0;1
6786;0;865;0;1
6787;0;865;0;1
6788;0;865;0;1
6789;0;865;0;1
6790;0;865;0;1
6791;0;865;0;1
6792;0;865;0;1
6793;0;865;0;1
6794;0;865;0;1
6795;0;865;0;1
6796;0;865;0;1
6797;0;865;0;1
6798;0;865;0;1
6799;0;865;0;1
6800;0;865;0;1
6801;0;865;0;1
6802;0;865;0;1
6803;0;865;0;1
6804;0;865;0;1
6805;0;865;0;1
6806;0;865;0;1
6807;0;865;0;1
6808;0;865;0;1
6809;0;865;0;1
6810;0;865;0;1
6811;0;865;0;1
6812;0;865;0;1
6813;0;865;0;1
6814;0;865;0;1
6815;0;865;0;1
6816;0;865;0;1
6817;0;865;0;1
6818;0;865;0;1
6819;0;865;0;1
6820;0;865;0;1
6821;0;865;0;1
6822;0;865;0;1
6823;0;865;0;1
6824;0;865;0;1
6825;0;865;0;1
6826;0;865;0;1
6827;0;865;0;1
6828;0;865;0;1
6829;0;865;0;1
6830;0;865;0;1
6831;0;865;0;1
6832;0;865;0;1
6833;0;865;0;1
6834;0;865;0;1
6835;0;865;0;1
6836;0;865;0;1
6837;0;865;0;1
6838;0;865;0;1
6839;0;865;0;1
6840;0;865;0;1
6841;0;865;0;1
6842;0;865;0;1
6843;0;865;0;1
6844;0;865;0;1
6845;0;865;0;1
6846;0;865;0;1
6847;0;865;0;1
6848;0;865;0;1
6849;0;865;0;1
6850;0;865;0;1
6851;0;865;0;1
6852;0;865;0;1
6853;0;865;0;1
6854;0;865;0;1
6855;0;865;0;1
6856;0;865;0;1
6857;0;865;0;1
6858;0;865;0;1
6859;0;865;0;1
6860;0;865;0;1
6861;0;865;0;1
6862;0;865;0;1
6863;0;865;0;1
6864;0;865;0;1
6865;0;865;0;1
6866;0;865;0;1
6867;0;865;0;1
6868;0;865;0;1
6869;0;865;0;1
6870;0;865;0;1
6871;0;865;0;1
6872;0;865;0;1
6873;0;865;0;1
6874;0;865;0;1
6875;0;865;0;1
6876;0;865;0;1
6877;0;865;0;1
6878;0;865;0;1
6879;0;865;0;1
6880;0;865;0;1
6881;0;865;0;1
6882;0;865;0;1
6883;0;865;0;1
6884;0;865;0;1
6885;0;865;0;1
6886;0;865;0;1
6887;0;865;0;1
6888;0;865;0;1
6889;0;865;0;1
6890;0;865;0;1
6891;0;865;0;1
6892;0;865;0;1
6893;0;865;0;1
6894;0;865;0;1
6895;0;865;0;1
6896;0;865;0;1
6897;0;865;0;1
6898;0;865;0;1
6899;0;865;0;1
6900;0;865;0;1
6901;0;865;0;1
6902;0;865;0;1
6903;0;865;0;1
6904;0;865;0;1
6905;0;865;0;1
6906;0;865;0;1
6907;0;865;0;1
6908;0;865;0;1
6909;0;865;0;1
6910;0;865;0;1
6911;0;865;0;1
6912;0;865;0;1
6913;0;865;0;1
6914;0;865;0;1
6915;0;865;0;1
6916;0;865;0;1
6917;0;865;0;1
6918;0;865;0;1
6919;0;865;0;1
6920;0;865;0;1
6921;0;865;0;1
6922;0;865;0;1
6923;0;865;0;1
6924;0;865;0;1
6925;0;865;0;1
6926;0;865;0;1
6927;0;865;0;1
6928;0;865;0;1
6929;0;865;0;1
6930;0;865;0;1
6931;0;865;0;1
6932;0;865;0;1
6933;0;865;0;1
6934;0;865;0;1
6935;0;865;0;1
6936;0;865;0;1
6937;0;865;0;1
6938;0;865;0;1
6939;0;865;0;1
6940;0;865;0;1
6941;0;865;0;1
6942;0;865;0;1
6943;0;865;0;1
6944;0;865;0;1
6945;0;865;0;1
6946;0;865;0;1
6947;0;865;0;1
6948;0;865;0;1
6949;0;865;0;1
6950;0;865;0;1
6951;0;865;0;1
6952;0;865;0;1
6953;0;865;0;1
6954;0;865;0;1
6955;0;865;0;1
6956;0;865;0;1
6957;0;865;0;1
6958;0;865;0;1
6959;0;865;0;1
6960;0;865;0;1
6961;0;865;0;1
6962;0;865;0;1
6963;0;865;0;1
6964;0;865;0;1
6965;0;865;0;1
6966;0;865;0;1
6967;0;865;0;1
6968;0;865;0;1
6969;0;865;0;1
6970;0;865;0;1
6971;0;865;0;1
6972;0;865;0;1
6973;0;865;0;1
6974;0;865;0;1
6975;0;865;0;1
6976;0;865;0;1
6977;0;865;0;1
6978;0;865;0;1
6979;0;865;0;1
6980;0;865;0;1
6981;0;865;0;1
6982;0;865;0;1
6983;0;865;0;1
6984;0;865;0;1
6985;0;865;0;1
6986;0;865;0;1
6987;0;865;0;1
6988;0;865;0;1
6989;0;865;0;1
6990;0;865;0;1
6991;0;865;0;1
6992;0;865;0;1
6993;0;865;0;1
6994;0;865;0;1
6995;0;865;0;1
6996;0;865;0;1
6997;0;865;0;1
6998;0;865;0;1
6999;0;865;0;1
7000;0;865;0;1
7001;0;865;0;1
7002;0;865;0;1
7003;0;865;0;1
7004;0;865;0;1
7005;0;865;0;1
7006;0;865;0;1
7007;0;865;0;1
7008;0;865;0;1
7009;0;865;0;1
7010;0;865;0;1
7011;0;865;0;1
7012;0;865;0;1
7013;0;865;0;1
7014;0;865;0;1
7015;0;865;0;1
7016;0;865;0;1
7017;0;865;0;1
7018;0;865;0;1
7019;0;865;0;1
7020;0;865;0;1
7021;0;865;0;1
7022;0;865;0;1
7023;0;865;0;1
7024;0;865;0;1
7025;0;865;0;1
7026;0;865;0;1
7027;0;865;0;1
7028;0;865;0;1
7029;0;865;0;1
7030;0;865;0;1
7031;0;865;0;1
7032;0;865;0;1
7033;0;865;0;1
7034;0;865;0;1
7035;0;865;0;1
7036;0;865;0;1
7037;0;865;0;1
7038;0;865;0;1
7039;0;865;0;1
7040;0;865;0;1
7041;0;865;0;1
7042;0;865;0;1
7043;0;865;0;1
7044;0;865;0;1
7045;0;865;0;1
7046;0;865;0;1
7047;0;865;0;1
7048;0;865;0;1
7049;0;865;0;1
7050;0;865;0;1
7051;0;865;0;1
7052;0;865;0;1
7053;0;865;0;1
7054;0;865;0;1
7055;0;865;0;1
7056;0;865;0;1
7057;0;865;0;1
7058;0;865;0;1
7059;0;865;0;1
7060;0;865;0;1
7061;0;865;0;1
7062;0;865;0;1
7063;0;865;0;1
7064;0;865;0;1
7065;0;865;0;1
7066;0;865;0;1
7067;0;865;0;1
7068;0;865;0;1
7069;0;865;0;1
7070;0;865;0;1
7071;0;865;0;1
7072;0;865;0;1
7073;0;865;0;1
7074;0;865;0;1
7075;0;865;0;1
7076;0;865;0;1
7077;0;865;0;1
7078;0;865;0;1
7079;0;865;0;1
7080;0;865;0;1
7081;0;865;0;1
7082;0;865;0;1
7083;0;865;0;1
7084;0;865;0;1
7085;0;865;0;1
7086;0;865;0;1
7087;0;865;0;1
7088;0;865;0;1
7089;0;865;0;1
7090;0;865;0;1
7091;0;865;0;1
7092;0;865;0;1
7093;0;865;0;1
7094;0;865;0;1
7095;0;865;0;1
7096;0;865;0;1
7097;0;865;0;1
7098;0;865;0;1
7099;0;865;0;1
7100;0;865;0;1
7101;0;865;0;1
7102;0;865;0;1
7103;0;865;0;1
7104;0;865;0;1
7105;0;865;0;1
7106;0;865;0;1
7107;0;865;0;1
7108;0;865;0;1
7109;0;865;0;1
7110;0;865;0;1
7111;0;865;0;1
7112;0;865;0;1
7113;0;865;0;1
7114;0;865;0;1
7115;0;865;0;1
7116;0;865;0;1
7117;0;865;0;1
7118;0;865;0;1
7119;0;865;0;1
7120;0;865;0;1
7121;0;865;0;1
7122;0;865;0;1
7123;0;865;0;1
7124;0;865;0;1
7125;0;865;0;1
7126;0;865;0;1
7127;0;865;0;1
7128;0;865;0;1
7129;0;865;0;1
7130;0;865;0;1
7131;0;865;0;1
7132;0;865;0;1
7133;0;865;0;1
7134;0;865;0;1
7135;0;865;0;1
7136;0;865;0;1
7137;0;865;0;1
7138;0;865;0;1
7139;0;865;0;1
7140;0;865;0;1
7141;0;865;0;1
7142;0;865;0;1
7143;0;865;0;1
7144;0;865;0;1
7145;0;865;0;1
7146;0;865;0;1
7147;0;865;0;1
7148;0;865;0;1
7149;0;865;0;1
7150;0;865;0;1
7151;0;865;0;1
7152;0;865;0;1
7153;0;865;0;1
7154;0;865;0;1
7155;0;865;0;1
7156;0;865;0;1
7157;0;865;0;1
7158;0;865;0;1
7159;0;865;0;1
7160;0;865;0;1
7161;0;865;0;1
7162;0;865;0;1
7163;0;865;0;1
7164;0;865;0;1
7165;0;865;0;1
7166;0;865;0;1
7167;0;865;0;1
7168;0;865;0;1
7169;0;865;0;1
7170;0;865;0;1
7171;0;865;0;1
7172;0;865;0;1
7173;0;865;0;1
7174;0;865;0;1
7175;0;865;0;1
7176;0;865;0;1
7177;0;865;0;1
7178;0;865;0;1
7179;0;865;0;1
7180;0;865;0;1
7181;0;865;0;1
7182;0;865;0;1
7183;0;865;0;1
7184;0;865;0;1
7185;0;865;0;1
7186;0;865;0;1
7187;0;865;0;1
7188;0;865;0;1
7189;0;865;0;1
7190;0;865;0;1
7191;0;865;0;1
7192;0;865;0;1
7193;0;865;0;1
7194;0;865;0;1
7195;0;865;0;1
7196;0;865;0;1
7197;0;865;0;1
7198;0;865;0;1
7199;0;865;0;1
7200;0;865;0;1
7201;0;865;0;1
7202;0;865;0;1
7203;0;865;0;1
7204;0;865;0;1
7205;0;865;0;1
7206;0;865;0;1
7207;0;865;0;1
7208;0;865;0;1
7209;0;865;0;1
7210;0;865;0;1
7211;0;865;0;1
7212;0;865;0;1
7213;0;865;0;1
7214;0;865;0;1
7215;0;865;0;1
7216;0;865;0;1
7217;0;865;0;1
7218;0;865;0;1
7219;0;865;0;1
7220;0;865;0;1
7221;0;865;0;1
7222;0;865;0;1
7223;0;865;0;1
7224;0;865;0;1
7225;0;865;0;1
7226;0;865;0;1
7227;0;865;0;1
7228;0;865;0;1
7229;0;865;0;1
7230;0;865;0;1
7231;0;865;0;1
7232;0;865;0;1
7233;0;865;0;1
7234;0;865;0;1
7235;0;865;0;1
7236;0;865;0;1
7237;0;865;0;1
7238;0;865;0;1
7239;0;865;0;1
7240;0;865;0;1
7241;0;865;0;1
7242;0;865;0;1
7243;0;865;0;1
7244;0;865;0;1
7245;0;865;0;1
7246;0;865;0;1
7247;0;865;0;1
7248;0;865;0;1
7249;0;865;0;1
7250;0;865;0;1
7251;0;865;0;1
7252;0;865;0;1
7253;0;865;0;1
7254;0;865;0;1
7255;0;865;0;1
7256;0;865;0;1
7257;0;865;0;1
7258;0;865;0;1
7259;0;865;0;1
7260;0;865;0;1
7261;0;865;0;1
7262;0;865;0;1
7263;0;865;0;1
7264;0;865;0;1
7265;0;865;0;1
7266;0;865;0;1
7267;0;865;0;1
7268;0;865;0;1
7269;0;865;0;1
7270;0;865;0;1
7271;0;865;0;1
7272;0;865;0;1
7273;0;865;0;1
7274;0;865;0;1
7275;0;865;0;1
7276;0;865;0;1
7277;0;865;0;1
7278;0;865;0;1
7279;0;865;0;1
7280;0;865;0;1
7281;0;865;0;1
7282;0;865;0;1
7283;0;865;0;1
7284;0;865;0;1
7285;0;865;0;1
7286;0;865;0;1
7287;0;865;0;1
7288;0;865;0;1
7289;0;865;0;1
7290;0;865;0;1
7291;0;865;0;1
7292;0;865;0;1
7293;0;865;0;1
7294;0;865;0;1
7295;0;865;0;1
7296;0;865;0;1
7297;0;865;0;1
7298;0;865;0;1
7299;0;865;0;1
7300;0;865;0;1
7301;0;865;0;1
7302;0;865;0;1
7303;0;865;0;1
7304;0;865;0;1
7305;0;865;0;1
7306;0;865;0;1
7307;0;865;0;1
7308;0;865;0;1
7309;0;865;0;1
7310;0;865;0;1
7311;0;865;0;1
7312;0;865;0;1
7313;0;865;0;1
7314;0;865;0;1
7315;0;865;0;1
7316;0;865;0;1
7317;0;865;0;1
7318;0;865;0;1
7319;0;865;0;1
7320;0;865;0;1
7321;0;865;0;1
7322;0;865;0;1
7323;0;865;0;1
7324;0;865;0;1
7325;0;865;0;1
7326;0;865;0;1
7327;0;865;0;1
7328;0;865;0;1
7329;0;865;0;1
7330;0;865;0;1
7331;0;865;0;1
7332;0;865;0;1
7333;0;865;0;1
7334;0;865;0;1
7335;0;865;0;1
7336;0;865;0;1
7337;0;865;0;1
7338;0;865;0;1
7339;0;865;0;1
7340;0;865;0;1
7341;0;865;0;1
7342;0;865;0;1
7343;0;865;0;1
7344;0;865;0;1
7345;0;865;0;1
7346;0;865;0;1
7347;0;865;0;1
7348;0;865;0;1
7349;0;865;0;1
7350;0;865;0;1
7351;0;865;0;1
7352;0;865;0;1
7353;0;865;0;1
7354;0;865;0;1
7355;0;865;0;1
7356;0;865;0;1
7357;0;865;0;1
7358;0;865;0;1
7359;0;865;0;1
7360;0;865;0;1
7361;0;865;0;1
7362;0;865;0;1
7363;0;865;0;1
7364;0;865;0;1
7365;0;865;0;1
7366;0;865;0;1
7367;0;865;0;1
7368;0;865;0;1
7369;0;865;0;1
7370;0;865;0;1
7371;0;865;0;1
7372;0;865;0;1
7373;0;865;0;1
7374;0;865;0;1
7375;0;865;0;1
7376;0;865;0;1
7377;0;865;0;1
7378;0;865;0;1
7379;0;865;0;1
7380;0;865;0;1
7381;0;865;0;1
7382;0;865;0;1
7383;0;865;0;1
7384;0;865;0;1
7385;0;865;0;1
7386;0;865;0;1
7387;0;865;0;1
7388;0;865;0;1
7389;0;865;0;1
7390;0;865;0;1
7391;0;865;0;1
7392;0;865;0;1
7393;0;865;0;1
7394;0;865;0;1
7395;0;865;0;1
7396;0;865;0;1
7397;0;865;0;1
7398;0;865;0;1
7399;0;865;0;1
7400;0;865;0;1
7401;0;865;0;1
7402;0;865;0;1
7403;0;865;0;1
7404;0;865;0;1
7405;0;865;0;1
7406;0;865;0;1
7407;0;865;0;1
7408;0;865;0;1
7409;0;865;0;1
7410;0;865;0;1
7411;0;865;0;1
7412;0;865;0;1
7413;0;865;0;1
7414;0;865;0;1
7415;0;865;0;1
7416;0;865;0;1
7417;0;865;0;1
7418;0;865;0;1
7419;0;865;0;1
7420;0;865;0;1
7421;0;865;0;1
7422;0;865;0;1
7423;0;865;0;1
7424;0;865;0;1
7425;0;865;0;1
7426;0;865;0;1
7427;0;865;0;1
7428;0;865;0;1
7429;0;865;0;1
7430;0;865;0;1
7431;0;865;0;1
7432;0;865;0;1
7433;0;865;0;1
7434;0;865;0;1
7435;0;865;0;1
7436;0;865;0;1
7437;0;865;0;1
7438;0;865;0;1
7439;0;865;0;1
7440;0;865;0;1
7441;0;865;0;1
7442;0;865;0;1
7443;0;865;0;1
7444;0;865;0;1
7445;0;865;0;1
7446;0;865;0;1
7447;0;865;0;1
7448;0;865;0;1
7449;0;865;0;1
7450;0;865;0;1
7451;0;865;0;1
7452;0;865;0;1
7453;0;865;0;1
7454;0;865;0;1
7455;0;865;0;1
7456;0;865;0;1
7457;0;865;0;1
7458;0;865;0;1
7459;0;865;0;1
7460;0;865;0;1
7461;0;865;0;1
7462;0;865;0;1
7463;0;865;0;1
7464;0;865;0;1
7465;0;865;0;1
7466;0;865;0;1
7467;0;865;0;1
7468;0;865;0;1
7469;0;865;0;1
7470;0;865;0;1
7471;0;865;0;1
7472;0;865;0;1
7473;0;865;0;1
7474;0;865;0;1
7475;0;865;0;1
7476;0;865;0;1
7477;0;865;0;1
7478;0;865;0;1
7479;0;865;0;1
7480;0;865;0;1
7481;0;865;0;1
7482;0;865;0;1
7483;0;865;0;1
7484;0;865;0;1
7485;0;865;0;1
7486;0;865;0;1
7487;0;865;0;1
7488;0;865;0;1
7489;0;865;0;1
7490;0;865;0;1
7491;0;865;0;1
7492;0;865;0;1
7493;0;865;0;1
7494;0;865;0;1
7495;0;865;0;1
7496;0;865;0;1
7497;0;865;0;1
7498;0;865;0;1
7499;0;865;0;1
7500;0;865;0;1
7501;0;865;0;1
7502;0;865;0;1
7503;0;865;0;1
7504;0;865;0;1
7505;0;865;0;1
7506;0;865;0;1
7507;0;865;0;1
7508;0;865;0;1
7509;0;865;0;1
7510;0;865;0;1
7511;0;865;0;1
7512;0;865;0;1
7513;0;865;0;1
7514;0;865;0;1
7515;0;865;0;1
7516;0;865;0;1
7517;0;865;0;1
7518;0;865;0;1
7519;0;865;0;1
7520;0;865;0;1
7521;0;865;0;1
7522;0;865;0;1
7523;0;865;0;1
7524;0;865;0;1
7525;0;865;0;1
7526;0;865;0;1
7527;0;865;0;1
7528;0;865;0;1
7529;0;865;0;1
7530;0;865;0;1
7531;0;865;0;1
7532;0;865;0;1
7533;0;865;0;1
7534;0;865;0;1
7535;0;865;0;1
7536;0;865;0;1
7537;0;865;0;1
7538;0;865;0;1
7539;0;865;0;1
7540;0;865;0;1
7541;0;865;0;1
7542;0;865;0;1
7543;0;865;0;1
7544;0;865;0;1
7545;0;865;0;1
7546;0;865;0;1
7547;0;865;0;1
7548;0;865;0;1
7549;0;865;0;1
7550;0;865;0;1
7551;0;865;0;1
7552;0;865;0;1
7553;0;865;0;1
7554;0;865;0;1
7555;0;865;0;1
7556;0;865;0;1
7557;0;865;0;1
7558;0;865;0;1
7559;0;865;0;1
7560;0;865;0;1
7561;0;865;0;1
7562;0;865;0;1
7563;0;865;0;1
7564;0;865;0;1
7565;0;865;0;1
7566;0;865;0;1
7567;0;865;0;1
7568;0;865;0;1
7569;0;865;0;1
7570;0;865;0;1
7571;0;865;0;1
7572;0;865;0;1
7573;0;865;0;1
7574;0;865;0;1
7575;0;865;0;1
7576;0;865;0;1
7577;0;865;0;1
7578;0;865;0;1
7579;0;865;0;1
7580;0;865;0;1
7581;0;865;0;1
7582;0;865;0;1
7583;0;865;0;1
7584;0;865;0;1
7585;0;865;0;1
7586;0;865;0;1
7587;0;865;0;1
7588;0;865;0;1
7589;0;865;0;1
7590;0;865;0;1
7591;0;865;0;1
7592;0;865;0;1
7593;0;865;0;1
7594;0;865;0;1
7595;0;865;0;1
7596;0;865;0;1
7597;0;865;0;1
7598;0;865;0;1
7599;0;865;0;1
7600;0;865;0;1
7601;0;865;0;1
7602;0;865;0;1
7603;0;865;0;1
7604;0;865;0;1
7605;0;865;0;1
7606;0;865;0;1
7607;0;865;0;1
7608;0;865;0;1
7609;0;865;0;1
7610;0;865;0;1
7611;0;865;0;1
7612;0;865;0;1
7613;0;865;0;1
7614;0;865;0;1
7615;0;865;0;1
7616;0;865;0;1
7617;0;865;0;1
7618;0;865;0;1
7619;0;865;0;1
7620;0;865;0;1
7621;0;865;0;1
7622;0;865;0;1
7623;0;865;0;1
7624;0;865;0;1
7625;0;865;0;1
7626;0;865;0;1
7627;0;865;0;1
7628;0;865;0;1
7629;0;865;0;1
7630;0;865;0;1
7631;0;865;0;1
7632;0;865;0;1
7633;0;865;0;1
7634;0;865;0;1
7635;0;865;0;1
7636;0;865;0;1
7637;0;865;0;1
7638;0;865;0;1
7639;0;865;0;1
7640;0;865;0;1
7641;0;865;0;1
7642;0;865;0;1
7643;0;865;0;1
7644;0;865;0;1
7645;0;865;0;1
7646;0;865;0;1
7647;0;865;0;1
7648;0;865;0;1
7649;0;865;0;1
7650;0;865;0;1
7651;0;865;0;1
7652;0;865;0;1
7653;0;865;0;1
7654;0;865;0;1
7655;0;865;0;1
7656;0;865;0;1
7657;0;865;0;1
7658;0;865;0;1
7659;0;865;0;1
7660;0;865;0;1
7661;0;865;0;1
7662;0;865;0;1
7663;0;865;0;1
7664;0;865;0;1
7665;0;865;0;1
7666;0;865;0;1
7667;0;865;0;1
7668;0;865;0;1
7669;0;865;0;1
7670;0;865;0;1
7671;0;865;0;1
7672;0;865;0;1
7673;0;865;0;1
7674;0;865;0;1
7675;0;865;0;1
7676;0;865;0;1
7677;0;865;0;1
7678;0;865;0;1
7679;0;865;0;1
7680;0;865;0;1
7681;0;865;0;1
7682;0;865;0;1
7683;0;865;0;1
7684;0;865;0;1
7685;0;865;0;1
7686;0;865;0;1
7687;0;865;0;1
7688;0;865;0;1
7689;0;865;0;1
7690;0;865;0;1
7691;0;865;0;1
7692;0;865;0;1
7693;0;865;0;1
7694;0;865;0;1
7695;0;865;0;1
7696;0;865;0;1
7697;0;865;0;1
7698;0;865;0;1
7699;0;865;0;1
7700;0;865;0;1
7701;0;865;0;1
7702;0;865;0;1
7703;0;865;0;1
7704;0;865;0;1
7705;0;865;0;1
7706;0;865;0;1
7707;0;865;0;1
7708;0;865;0;1
7709;0;865;0;1
7710;0;865;0;1
7711;0;865;0;1
7712;0;865;0;1
7713;0;865;0;1
7714;0;865;0;1
7715;0;865;0;1
7716;0;865;0;1
7717;0;865;0;1
7718;0;865;0;1
7719;0;865;0;1
7720;0;865;0;1
7721;0;865;0;1
7722;0;865;0;1
7723;0;865;0;1
7724;0;865;0;1
7725;0;865;0;1
7726;0;865;0;1
7727;0;865;0;1
7728;0;865;0;1
7729;0;865;0;1
7730;0;865;0;1
7731;0;865;0;1
7732;0;865;0;1
7733;0;865;0;1
7734;0;865;0;1
7735;0;865;0;1
7736;0;865;0;1
7737;0;865;0;1
7738;0;865;0;1
7739;0;865;0;1
7740;0;865;0;1
7741;0;865;0;1
7742;0;865;0;1
7743;0;865;0;1
7744;0;865;0;1
7745;0;865;0;1
7746;0;865;0;1
7747;0;865;0;1
7748;0;865;0;1
7749;0;865;0;1
7750;0;865;0;1
7751;0;865;0;1
7752;0;865;0;1
7753;0;865;0;1
7754;0;865;0;1
7755;0;865;0;1
7756;0;865;0;1
7757;0;865;0;1
7758;0;865;0;1
7759;0;865;0;1
7760;0;865;0;1
7761;0;865;0;1
7762;0;865;0;1
7763;0;865;0;1
7764;0;865;0;1
7765;0;865;0;1
7766;0;865;0;1
7767;0;865;0;1
7768;0;865;0;1
7769;0;865;0;1
7770;0;865;0;1
7771;0;865;0;1
7772;0;865;0;1
7773;0;865;0;1
7774;0;865;0;1
7775;0;865;0;1
7776;0;865;0;1
7777;0;865;0;1
7778;0;865;0;1
7779;0;865;0;1
7780;0;865;0;1
7781;0;865;0;1
7782;0;865;0;1
7783;0;865;0;1
7784;0;865;0;1
7785;0;865;0;1
7786;0;865;0;1
7787;0;865;0;1
7788;0;865;0;1
7789;0;865;0;1
7790;0;865;0;1
7791;0;865;0;1
7792;0;865;0;1
7793;0;865;0;1
7794;0;865;0;1
7795;0;865;0;1
7796;0;865;0;1
7797;0;865;0;1
7798;0;865;0;1
7799;0;865;0;1
7800;0;865;0;1
7801;0;865;0;1
7802;0;865;0;1
7803;0;865;0;1
7804;0;865;0;1
7805;0;865;0;1
7806;0;865;0;1
7807;0;865;0;1
7808;0;865;0;1
7809;0;865;0;1
7810;0;865;0;1
7811;0;865;0;1
7812;0;865;0;1
7813;0;865;0;1
7814;0;865;0;1
7815;0;865;0;1
7816;0;865;0;1
7817;0;865;0;1
7818;0;865;0;1
7819;0;865;0;1
7820;0;865;0;1
7821;0;865;0;1
7822;0;865;0;1
7823;0;865;0;1
7824;0;865;0;1
7825;0;865;0;1
7826;0;865;0;1
7827;0;865;0;1
7828;0;865;0;1
7829;0;865;0;1
7830;0;865;0;1
7831;0;865;0;1
7832;0;865;0;1
7833;0;865;0;1
7834;0;865;0;1
7835;0;865;0;1
7836;0;865;0;1
7837;0;865;0;1
7838;0;865;0;1
7839;0;865;0;1
7840;0;865;0;1
7841;0;865;0;1
7842;0;865;0;1
7843;0;865;0;1
7844;0;865;0;1
7845;0;865;0;1
7846;0;865;0;1
7847;0;865;0;1
7848;0;865;0;1
7849;0;865;0;1
7850;0;865;0;1
7851;0;865;0;1
7852;0;865;0;1
7853;0;865;0;1
7854;0;865;0;1
7855;0;865;0;1
7856;0;865;0;1
7857;0;865;0;1
7858;0;865;0;1
7859;0;865;0;1
7860;0;865;0;1
7861;0;865;0;1
7862;0;865;0;1
7863;0;865;0;1
7864;0;865;0;1
7865;0;865;0;1
7866;0;865;0;1
7867;0;865;0;1
7868;0;865;0;1
7869;0;865;0;1
7870;0;865;0;1
7871;0;865;0;1
7872;0;865;0;1
7873;0;865;0;1
7874;0;865;0;1
7875;0;865;0;1
7876;0;865;0;1
7877;0;865;0;1
7878;0;865;0;1
7879;0;865;0;1
7880;0;865;0;1
7881;0;865;0;1
7882;0;865;0;1
7883;0;865;0;1
7884;0;865;0;1
7885;0;865;0;1
7886;0;865;0;1
7887;0;865;0;1
7888;0;865;0;1
7889;0;865;0;1
7890;0;865;0;1
7891;0;865;0;1
7892;0;865;0;1
7893;0;865;0;1
7894;0;865;0;1
7895;0;865;0;1
7896;0;865;0;1
7897;0;865;0;1
7898;0;865;0;1
7899;0;865;0;1
7900;0;865;0;1
7901;0;865;0;1
7902;0;865;0;1
7903;0;865;0;1
7904;0;865;0;1
7905;0;865;0;1
7906;0;865;0;1
7907;0;865;0;1
7908;0;865;0;1
7909;0;865;0;1
7910;0;865;0;1
7911;0;865;0;1
7912;0;865;0;1
7913;0;865;0;1
7914;0;865;0;1
7915;0;865;0;1
7916;0;865;0;1
7917;0;865;0;1
7918;0;865;0;1
7919;0;865;0;1
7920;0;865;0;1
7921;0;865;0;1
7922;0;865;0;1
7923;0;865;0;1
7924;0;865;0;1
7925;0;865;0;1
7926;0;865;0;1
7927;0;865;0;1
7928;0;865;0;1
7929;0;865;0;1
7930;0;865;0;1
7931;0;865;0;1
7932;0;865;0;1
7933;0;865;0;1
7934;0;865;0;1
7935;0;865;0;1
7936;0;865;0;1
7937;0;865;0;1
7938;0;865;0;1
7939;0;865;0;1
7940;0;865;0;1
7941;0;865;0;1
7942;0;865;0;1
7943;0;865;0;1
7944;0;865;0;1
7945;0;865;0;1
7946;0;865;0;1
7947;0;865;0;1
7948;0;865;0;1
7949;0;865;0;1
7950;0;865;0;1
7951;0;865;0;1
7952;0;865;0;1
7953;0;865;0;1
7954;0;865;0;1
7955;0;865;0;1
7956;0;865;0;1
7957;0;865;0;1
7958;0;865;0;1
7959;0;865;0;1
7960;0;865;0;1
7961;0;865;0;1
7962;0;865;0;1
7963;0;865;0;1
7964;0;865;0;1
7965;0;865;0;1
7966;0;865;0;1
7967;0;865;0;1
7968;0;865;0;1
7969;0;865;0;1
7970;0;865;0;1
7971;0;865;0;1
7972;0;865;0;1
7973;0;865;0;1
7974;0;865;0;1
7975;0;865;0;1
7976;0;865;0;1
7977;0;865;0;1
7978;0;865;0;1
7979;0;865;0;1
7980;0;865;0;1
7981;0;865;0;1
7982;0;865;0;1
7983;0;865;0;1
7984;0;865;0;1
7985;0;865;0;1
7986;0;865;0;1
7987;0;865;0;1
7988;0;865;0;1
7989;0;865;0;1
7990;0;865;0;1
7991;0;865;0;1
7992;0;865;0;1
7993;0;865;0;1
7994;0;865;0;1
7995;0;865;0;1
7996;0;865;0;1
7997;0;865;0;1
7998;0;865;0;1
7999;0;865;0;1
8000;0;865;0;1
8001;0;865;0;1
8002;0;865;0;1
8003;0;865;0;1
8004;0;865;0;1
8005;0;865;0;1
8006;0;865;0;1
8007;0;865;0;1
8008;0;865;0;1
8009;0;865;0;1
8010;0;865;0;1
8011;0;865;0;1
8012;0;865;0;1
8013;0;865;0;1
8014;0;865;0;1
8015;0;865;0;1
8016;0;865;0;1
8017;0;865;0;1
8018;0;865;0;1
8019;0;865;0;1
8020;0;865;0;1
8021;0;865;0;1
8022;0;865;0;1
8023;0;865;0;1
8024;0;865;0;1
8025;0;865;0;1
8026;0;865;0;1
8027;0;865;0;1
8028;0;865;0;1
8029;0;865;0;1
8030;0;865;0;1
8031;0;865;0;1
8032;0;865;0;1
8033;0;865;0;1
8034;0;865;0;1
8035;0;865;0;1
8036;0;865;0;1
8037;0;865;0;1
8038;0;865;0;1
8039;0;865;0;1
8040;0;865;0;1
8041;0;865;0;1
8042;0;865;0;1
8043;0;865;0;1
8044;0;865;0;1
8045;0;865;0;1
8046;0;865;0;1
8047;0;865;0;1
8048;0;865;0;1
8049;0;865;0;1
8050;0;865;0;1
8051;0;865;0;1
8052;0;865;0;1
8053;0;865;0;1
8054;0;865;0;1
8055;0;865;0;1
8056;0;865;0;1
8057;0;865;0;1
8058;0;865;0;1
8059;0;865;0;1
8060;0;865;0;1
8061;0;865;0;1
8062;0;865;0;1
8063;0;865;0;1
8064;0;865;0;1
8065;0;865;0;1
8066;0;865;0;1
8067;0;865;0;1
8068;0;865;0;1
8069;0;865;0;1
8070;0;865;0;1
8071;0;865;0;1
8072;0;865;0;1
8073;0;865;0;1
8074;0;865;0;1
8075;0;865;0;1
8076;0;865;0;1
8077;0;865;0;1
8078;0;865;0;1
8079;0;865;0;1
8080;0;865;0;1
8081;0;865;0;1
8082;0;865;0;1
8083;0;865;0;1
8084;0;865;0;1
8085;0;865;0;1
8086;0;865;0;1
8087;0;865;0;1
8088;0;865;0;1
8089;0;865;0;1
8090;0;865;0;1
8091;0;865;0;1
8092;0;865;0;1
8093;0;865;0;1
8094;0;865;0;1
8095;0;865;0;1
8096;0;865;0;1
8097;0;865;0;1
8098;0;865;0;1
8099;0;865;0;1
8100;0;865;0;1
8101;0;865;0;1
8102;0;865;0;1
8103;0;865;0;1
8104;0;865;0;1
8105;0;865;0;1
8106;0;865;0;1
8107;0;865;0;1
8108;0;865;0;1
8109;0;865;0;1
8110;0;865;0;1
8111;0;865;0;1
8112;0;865;0;1
8113;0;865;0;1
8114;0;865;0;1
8115;0;865;0;1
8116;0;865;0;1
8117;0;865;0;1
8118;0;865;0;1
8119;0;865;0;1
8120;0;865;0;1
8121;0;865;0;1
8122;0;865;0;1
8123;0;865;0;1
8124;0;865;0;1
8125;0;865;0;1
8126;0;865;0;1
8127;0;865;0;1
8128;0;865;0;1
8129;0;865;0;1
8130;0;865;0;1
8131;0;865;0;1
8132;0;865;0;1
8133;0;865;0;1
8134;0;865;0;1
8135;0;865;0;1
8136;0;865;0;1
8137;0;865;0;1
8138;0;865;0;1
8139;0;865;0;1
8140;0;865;0;1
8141;0;865;0;1
8142;0;865;0;1
8143;0;865;0;1
8144;0;865;0;1
8145;0;865;0;1
8146;0;865;0;1
8147;0;865;0;1
8148;0;865;0;1
8149;0;865;0;1
8150;0;865;0;1
8151;0;865;0;1
8152;0;865;0;1
8153;0;865;0;1
8154;0;865;0;1
8155;0;865;0;1
8156;0;865;0;1
8157;0;865;0;1
8158;0;865;0;1
8159;0;865;0;1
8160;0;865;0;1
8161;0;865;0;1
8162;0;865;0;1
8163;0;865;0;1
8164;0;865;0;1
8165;0;865;0;1
8166;0;865;0;1
8167;0;865;0;1
8168;0;865;0;1
8169;0;865;0;1
8170;0;865;0;1
8171;0;865;0;1
8172;0;865;0;1
8173;0;865;0;1
8174;0;865;0;1
8175;0;865;0;1
8176;0;865;0;1
8177;0;865;0;1
8178;0;865;0;1
8179;0;865;0;1
8180;0;865;0;1
8181;0;865;0;1
8182;0;865;0;1
8183;0;865;0;1
8184;0;865;0;1
8185;0;865;0;1
8186;0;865;0;1
8187;0;865;0;1
8188;0;865;0;1
8189;0;865;0;1
8190;0;865;0;1
8191;0;865;0;1
8192;0;865;0;1
8193;0;865;0;1
8194;0;865;0;1
8195;0;865;0;1
8196;0;865;0;1
8197;0;865;0;1
8198;0;865;0;1
8199;0;865;0;1
8200;0;865;0;1
8201;0;865;0;1
8202;0;865;0;1
8203;0;865;0;1
8204;0;865;0;1
8205;0;865;0;1
8206;0;865;0;1
8207;0;865;0;1
8208;0;865;0;1
8209;0;865;0;1
8210;0;865;0;1
8211;0;865;0;1
8212;0;865;0;1
8213;0;865;0;1
8214;0;865;0;1
8215;0;865;0;1
8216;0;865;0;1
8217;0;865;0;1
8218;0;865;0;1
8219;0;865;0;1
8220;0;865;0;1
8221;0;865;0;1
8222;0;865;0;1
8223;0;865;0;1
8224;0;865;0;1
8225;0;865;0;1
8226;0;865;0;1
8227;0;865;0;1
8228;0;865;0;1
8229;0;865;0;1
8230;0;865;0;1
8231;0;865;0;1
8232;0;865;0;1
8233;0;865;0;1
8234;0;865;0;1
8235;0;865;0;1
8236;0;865;0;1
8237;0;865;0;1
8238;0;865;0;1
8239;0;865;0;1
8240;0;865;0;1
8241;0;865;0;1
8242;0;865;0;1
8243;0;865;0;1
8244;0;865;0;1
8245;0;865;0;1
8246;0;865;0;1
8247;0;865;0;1
8248;0;865;0;1
8249;0;865;0;1
8250;0;865;0;1
8251;0;865;0;1
8252;0;865;0;1
8253;0;865;0;1
8254;0;865;0;1
8255;0;865;0;1
8256;0;865;0;1
8257;0;865;0;1
8258;0;865;0;1
8259;0;865;0;1
8260;0;865;0;1
8261;0;865;0;1
8262;0;865;0;1
8263;0;865;0;1
8264;0;865;0;1
8265;0;865;0;1
8266;0;865;0;1
8267;0;865;0;1
8268;0;865;0;1
8269;0;865;0;1
8270;0;865;0;1
8271;0;865;0;1
8272;0;865;0;1
8273;0;865;0;1
8274;0;865;0;1
8275;0;865;0;1
8276;0;865;0;1
8277;0;865;0;1
8278;0;865;0;1
8279;0;865;0;1
8280;0;865;0;1
8281;0;865;0;1
8282;0;865;0;1
8283;0;865;0;1
8284;0;865;0;1
8285;0;865;0;1
8286;0;865;0;1
8287;0;865;0;1
8288;0;865;0;1
8289;0;865;0;1
8290;0;865;0;1
8291;0;865;0;1
8292;0;865;0;1
8293;0;865;0;1
8294;0;865;0;1
8295;0;865;0;1
8296;0;865;0;1
8297;0;865;0;1
8298;0;865;0;1
8299;0;865;0;1
8300;0;865;0;1
8301;0;865;0;1
8302;0;865;0;1
8303;0;865;0;1
8304;0;865;0;1
8305;0;865;0;1
8306;0;865;0;1
8307;0;865;0;1
8308;0;865;0;1
8309;0;865;0;1
8310;0;865;0;1
8311;0;865;0;1
8312;0;865;0;1
8313;0;865;0;1
8314;0;865;0;1
8315;0;865;0;1
8316;0;865;0;1
8317;0;865;0;1
8318;0;865;0;1
8319;0;865;0;1
8320;0;865;0;1
8321;0;865;0;1
8322;0;865;0;1
8323;0;865;0;1
8324;0;865;0;1
8325;0;865;0;1
8326;0;865;0;1
8327;0;865;0;1
8328;0;865;0;1
8329;0;865;0;1
8330;0;865;0;1
8331;0;865;0;1
8332;0;865;0;1
8333;0;865;0;1
8334;0;865;0;1
8335;0;865;0;1
8336;0;865;0;1
8337;0;865;0;1
8338;0;865;0;1
8339;0;865;0;1
8340;0;865;0;1
8341;0;865;0;1
8342;0;865;0;1
8343;0;865;0;1
8344;0;865;0;1
8345;0;865;0;1
8346;0;865;0;1
8347;0;865;0;1
8348;0;865;0;1
8349;0;865;0;1
8350;0;865;0;1
8351;0;865;0;1
8352;0;865;0;1
8353;0;865;0;1
8354;0;865;0;1
8355;0;865;0;1
8356;0;865;0;1
8357;0;865;0;1
8358;0;865;0;1
8359;0;865;0;1
8360;0;865;0;1
8361;0;865;0;1
8362;0;865;0;1
8363;0;865;0;1
8364;0;865;0;1
8365;0;865;0;1
8366;0;865;0;1
8367;0;865;0;1
8368;0;865;0;1
8369;0;865;0;1
8370;0;865;0;1
8371;0;865;0;1
8372;0;865;0;1
8373;0;865;0;1
8374;0;865;0;1
8375;0;865;0;1
8376;0;865;0;1
8377;0;865;0;1
8378;0;865;0;1
8379;0;865;0;1
8380;0;865;0;1
8381;0;865;0;1
8382;0;865;0;1
8383;0;865;0;1
8384;0;865;0;1
8385;0;865;0;1
8386;0;865;0;1
8387;0;865;0;1
8388;0;865;0;1
8389;0;865;0;1
8390;0;865;0;1
8391;0;865;0;1
8392;0;865;0;1
8393;0;865;0;1
8394;0;865;0;1
8395;0;865;0;1
8396;0;865;0;1
8397;0;865;0;1
8398;0;865;0;1
8399;0;865;0;1
8400;0;865;0;1
8401;0;865;0;1
8402;0;865;0;1
8403;0;865;0;1
8404;0;865;0;1
8405;0;865;0;1
8406;0;865;0;1
8407;0;865;0;1
8408;0;865;0;1
8409;0;865;0;1
8410;0;865;0;1
8411;0;865;0;1
8412;0;865;0;1
8413;0;865;0;1
8414;0;865;0;1
8415;0;865;0;1
8416;0;865;0;1
8417;0;865;0;1
8418;0;865;0;1
8419;0;865;0;1
8420;0;865;0;1
8421;0;865;0;1
8422;0;865;0;1
8423;0;865;0;1
8424;0;865;0;1
8425;0;865;0;1
8426;0;865;0;1
8427;0;865;0;1
8428;0;865;0;1
8429;0;865;0;1
8430;0;865;0;1
8431;0;865;0;1
8432;0;865;0;1
8433;0;865;0;1
8434;0;865;0;1
8435;0;865;0;1
8436;0;865;0;1
8437;0;865;0;1
8438;0;865;0;1
8439;0;865;0;1
8440;0;865;0;1
8441;0;865;0;1
8442;0;865;0;1
8443;0;865;0;1
8444;0;865;0;1
8445;0;865;0;1
8446;0;865;0;1
8447;0;865;0;1
8448;0;865;0;1
8449;0;865;0;1
8450;0;865;0;1
8451;0;865;0;1
8452;0;865;0;1
8453;0;865;0;1
8454;0;865;0;1
8455;0;865;0;1
8456;0;865;0;1
8457;0;865;0;1
8458;0;865;0;1
8459;0;865;0;1
8460;0;865;0;1
8461;0;865;0;1
8462;0;865;0;1
8463;0;865;0;1
8464;0;865;0;1
8465;0;865;0;1
8466;0;865;0;1
8467;0;865;0;1
8468;0;865;0;1
8469;0;865;0;1
8470;0;865;0;1
8471;0;865;0;1
8472;0;865;0;1
8473;0;865;0;1
8474;0;865;0;1
8475;0;865;0;1
8476;0;865;0;1
8477;0;865;0;1
8478;0;865;0;1
8479;0;865;0;1
8480;0;865;0;1
8481;0;865;0;1
8482;0;865;0;1
8483;0;865;0;1
8484;0;865;0;1
8485;0;865;0;1
8486;0;865;0;1
8487;0;865;0;1
8488;0;865;0;1
8489;0;865;0;1
8490;0;865;0;1
8491;0;865;0;1
8492;0;865;0;1
8493;0;865;0;1
8494;0;865;0;1
8495;0;865;0;1
8496;0;865;0;1
8497;0;865;0;1
8498;0;865;0;1
8499;0;865;0;1
8500;0;865;0;1
8501;0;865;0;1
8502;0;865;0;1
8503;0;865;0;1
8504;0;865;0;1
8505;0;865;0;1
8506;0;865;0;1
8507;0;865;0;1
8508;0;865;0;1
8509;0;865;0;1
8510;0;865;0;1
8511;0;865;0;1
8512;0;865;0;1
8513;0;865;0;1
8514;0;865;0;1
8515;0;865;0;1
8516;0;865;0;1
8517;0;865;0;1
8518;0;865;0;1
8519;0;865;0;1
8520;0;865;0;1
8521;0;865;0;1
8522;0;865;0;1
8523;0;865;0;1
8524;0;865;0;1
8525;0;865;0;1
8526;0;865;0;1
8527;0;865;0;1
8528;0;865;0;1
8529;0;865;0;1
8530;0;865;0;1
8531;0;865;0;1
8532;0;865;0;1
8533;0;865;0;1
8534;0;865;0;1
8535;0;865;0;1
8536;0;865;0;1
8537;0;865;0;1
8538;0;865;0;1
8539;0;865;0;1
8540;0;865;0;1
8541;0;865;0;1
8542;0;865;0;1
8543;0;865;0;1
8544;0;865;0;1
8545;0;865;0;1
8546;0;865;0;1
8547;0;865;0;1
8548;0;865;0;1
8549;0;865;0;1
8550;0;865;0;1
8551;0;865;0;1
8552;0;865;0;1
8553;0;865;0;1
8554;0;865;0;1
8555;0;865;0;1
8556;0;865;0;1
8557;0;865;0;1
8558;0;865;0;1
8559;0;865;0;1
8560;0;865;0;1
8561;0;865;0;1
8562;0;865;0;1
8563;0;865;0;1
8564;0;865;0;1
8565;0;865;0;1
8566;0;865;0;1
8567;0;865;0;1
8568;0;865;0;1
8569;0;865;0;1
8570;0;865;0;1
8571;0;865;0;1
8572;0;865;0;1
8573;0;865;0;1
8574;0;865;0;1
8575;0;865;0;1
8576;0;865;0;1
8577;0;865;0;1
8578;0;865;0;1
8579;0;865;0;1
8580;0;865;0;1
8581;0;865;0;1
8582;0;865;0;1
8583;0;865;0;1
8584;0;865;0;1
8585;0;865;0;1
8586;0;865;0;1
8587;0;865;0;1
8588;0;865;0;1
8589;0;865;0;1
8590;0;865;0;1
8591;0;865;0;1
8592;0;865;0;1
8593;0;865;0;1
8594;0;865;0;1
8595;0;865;0;1
8596;0;865;0;1
8597;0;865;0;1
8598;0;865;0;1
8599;0;865;0;1
8600;0;865;0;1
8601;0;865;0;1
8602;0;865;0;1
8603;0;865;0;1
8604;0;865;0;1
8605;0;865;0;1
8606;0;865;0;1
8607;0;865;0;1
8608;0;865;0;1
8609;0;865;0;1
8610;0;865;0;1
8611;0;865;0;1
8612;0;865;0;1
8613;0;865;0;1
8614;0;865;0;1
8615;0;865;0;1
8616;0;865;0;1
8617;0;865;0;1
8618;0;865;0;1
8619;0;865;0;1
8620;0;865;0;1
8621;0;865;0;1
8622;0;865;0;1
8623;0;865;0;1
8624;0;865;0;1
8625;0;865;0;1
8626;0;865;0;1
8627;0;865;0;1
8628;0;865;0;1
8629;0;865;0;1
8630;0;865;0;1
8631;0;865;0;1
8632;0;865;0;1
8633;0;865;0;1
8634;0;865;0;1
8635;0;865;0;1
8636;0;865;0;1
8637;0;865;0;1
8638;0;865;0;1
8639;0;865;0;1
8640;0;865;0;1
8641;0;865;0;1
8642;0;865;0;1
8643;0;865;0;1
8644;0;865;0;1
8645;0;865;0;1
8646;0;865;0;1
8647;0;865;0;1
8648;0;865;0;1
8649;0;865;0;1
8650;0;865;0;1
8651;0;865;0;1
8652;0;865;0;1
8653;0;865;0;1
8654;0;865;0;1
8655;0;865;0;1
8656;0;865;0;1
8657;0;865;0;1
8658;0;865;0;1
8659;0;865;0;1
8660;0;865;0;1
8661;0;865;0;1
8662;0;865;0;1
8663;0;865;0;1
8664;0;865;0;1
8665;0;865;0;1
8666;0;865;0;1
8667;0;865;0;1
8668;0;865;0;1
8669;0;865;0;1
8670;0;865;0;1
8671;0;865;0;1
8672;0;865;0;1
8673;0;865;0;1
8674;0;865;0;1
8675;0;865;0;1
8676;0;865;0;1
8677;0;865;0;1
8678;0;865;0;1
8679;0;865;0;1
8680;0;865;0;1
8681;0;865;0;1
8682;0;865;0;1
8683;0;865;0;1
8684;0;865;0;1
8685;0;865;0;1
8686;0;865;0;1
8687;0;865;0;1
8688;0;865;0;1
8689;0;865;0;1
8690;0;865;0;1
8691;0;865;0;1
8692;0;865;0;1
8693;0;865;0;1
8694;0;865;0;1
8695;0;865;0;1
8696;0;865;0;1
8697;0;865;0;1
8698;0;865;0;1
8699;0;865;0;1
8700;0;865;0;1
8701;0;865;0;1
8702;0;865;0;1
8703;0;865;0;1
8704;0;865;0;1
8705;0;865;0;1
8706;0;865;0;1
8707;0;865;0;1
8708;0;865;0;1
8709;0;865;0;1
8710;0;865;0;1
8711;0;865;0;1
8712;0;865;0;1
8713;0;865;0;1
8714;0;865;0;1
8715;0;865;0;1
8716;0;865;0;1
8717;0;865;0;1
8718;0;865;0;1
8719;0;865;0;1
8720;0;865;0;1
8721;0;865;0;1
8722;0;865;0;1
8723;0;865;0;1
8724;0;865;0;1
8725;0;865;0;1
8726;0;865;0;1
8727;0;865;0;1
8728;0;865;0;1
8729;0;865;0;1
8730;0;865;0;1
8731;0;865;0;1
8732;0;865;0;1
8733;0;865;0;1
8734;0;865;0;1
8735;0;865;0;1
8736;0;865;0;1
8737;0;865;0;1
8738;0;865;0;1
8739;0;865;0;1
8740;0;865;0;1
8741;0;865;0;1
8742;0;865;0;1
8743;0;865;0;1
8744;0;865;0;1
8745;0;865;0;1
8746;0;865;0;1
8747;0;865;0;1
8748;0;865;0;1
8749;0;865;0;1
8750;0;865;0;1
8751;0;865;0;1
8752;0;865;0;1
8753;0;865;0;1
8754;0;865;0;1
8755;0;865;0;1
8756;0;865;0;1
8757;0;865;0;1
8758;0;865;0;1
8759;0;865;0;1
8760;0;865;0;1
8761;0;865;0;1
8762;0;865;0;1
8763;0;865;0;1
8764;0;865;0;1
8765;0;865;0;1
8766;0;865;0;1
8767;0;865;0;1
8768;0;865;0;1
8769;0;865;0;1
8770;0;865;0;1
8771;0;865;0;1
8772;0;865;0;1
8773;0;865;0;1
8774;0;865;0;1
8775;0;865;0;1
8776;0;865;0;1
8777;0;865;0;1
8778;0;865;0;1
8779;0;865;0;1
8780;0;865;0;1
8781;0;865;0;1
8782;0;865;0;1
8783;0;865;0;1
8784;0;865;0;1
8785;0;865;0;1
8786;0;865;0;1
8787;0;865;0;1
8788;0;865;0;1
8789;0;865;0;1
8790;0;865;0;1
8791;0;865;0;1
8792;0;865;0;1
8793;0;865;0;1
8794;0;865;0;1
8795;0;865;0;1
8796;0;865;0;1
8797;0;865;0;1
8798;0;865;0;1
8799;0;865;0;1
8800;0;865;0;1
8801;0;865;0;1
8802;0;865;0;1
8803;0;865;0;1
8804;0;865;0;1
8805;0;865;0;1
8806;0;865;0;1
8807;0;865;0;1
8808;0;865;0;1
8809;0;865;0;1
8810;0;865;0;1
8811;0;865;0;1
8812;0;865;0;1
8813;0;865;0;1
8814;0;865;0;1
8815;0;865;0;1
8816;0;865;0;1
8817;0;865;0;1
8818;0;865;0;1
8819;0;865;0;1
8820;0;865;0;1
8821;0;865;0;1
8822;0;865;0;1
8823;0;865;0;1
8824;0;865;0;1
8825;0;865;0;1
8826;0;865;0;1
8827;0;865;0;1
8828;0;865;0;1
8829;0;865;0;1
8830;0;865;0;1
8831;0;865;0;1
8832;0;865;0;1
8833;0;865;0;1
8834;0;865;0;1
8835;0;865;0;1
8836;0;865;0;1
8837;0;865;0;1
8838;0;865;0;1
8839;0;865;0;1
8840;0;865;0;1
8841;0;865;0;1
8842;0;865;0;1
8843;0;865;0;1
8844;0;865;0;1
8845;0;865;0;1
8846;0;865;0;1
8847;0;865;0;1
8848;0;865;0;1
8849;0;865;0;1
8850;0;865;0;1
8851;0;865;0;1
8852;0;865;0;1
8853;0;865;0;1
8854;0;865;0;1
8855;0;865;0;1
8856;0;865;0;1
8857;0;865;0;1
8858;0;865;0;1
8859;0;865;0;1
8860;0;865;0;1
8861;0;865;0;1
8862;0;865;0;1
8863;0;865;0;1
8864;0;865;0;1
8865;0;865;0;1
8866;0;865;0;1
8867;0;865;0;1
8868;0;865;0;1
8869;0;865;0;1
8870;0;865;0;1
8871;0;865;0;1
8872;0;865;0;1
8873;0;865;0;1
8874;0;865;0;1
8875;0;865;0;1
8876;0;865;0;1
8877;0;865;0;1
8878;0;865;0;1
8879;0;865;0;1
8880;0;865;0;1
8881;0;865;0;1
8882;0;865;0;1
8883;0;865;0;1
8884;0;865;0;1
8885;0;865;0;1
8886;0;865;0;1
8887;0;865;0;1
8888;0;865;0;1
8889;0;865;0;1
8890;0;865;0;1
8891;0;865;0;1
8892;0;865;0;1
8893;0;865;0;1
8894;0;865;0;1
8895;0;865;0;1
8896;0;865;0;1
8897;0;865;0;1
8898;0;865;0;1
8899;0;865;0;1
8900;0;865;0;1
8901;0;865;0;1
8902;0;865;0;1
8903;0;865;0;1
8904;0;865;0;1
8905;0;865;0;1
8906;0;865;0;1
8907;0;865;0;1
8908;0;865;0;1
8909;0;865;0;1
8910;0;865;0;1
8911;0;865;0;1
8912;0;865;0;1
8913;0;865;0;1
8914;0;865;0;1
8915;0;865;0;1
8916;0;865;0;1
8917;0;865;0;1
8918;0;865;0;1
8919;0;865;0;1
8920;0;865;0;1
8921;0;865;0;1
8922;0;865;0;1
8923;0;865;0;1
8924;0;865;0;1
8925;0;865;0;1
8926;0;865;0;1
8927;0;865;0;1
8928;0;865;0;1
8929;0;865;0;1
8930;0;865;0;1
8931;0;865;0;1
8932;0;865;0;1
8933;0;865;0;1
8934;0;865;0;1
8935;0;865;0;1
8936;0;865;0;1
8937;0;865;0;1
8938;0;865;0;1
8939;0;865;0;1
8940;0;865;0;1
8941;0;865;0;1
8942;0;865;0;1
8943;0;865;0;1
8944;0;865;0;1
8945;0;865;0;1
8946;0;865;0;1
8947;0;865;0;1
8948;0;865;0;1
8949;0;865;0;1
8950;0;865;0;1
8951;0;865;0;1
8952;0;865;0;1
8953;0;865;0;1
8954;0;865;0;1
8955;0;865;0;1
8956;0;865;0;1
8957;0;865;0;1
8958;0;865;0;1
8959;0;865;0;1
8960;0;865;0;1
8961;0;865;0;1
8962;0;865;0;1
8963;0;865;0;1
8964;0;865;0;1
8965;0;865;0;1
8966;0;865;0;1
8967;0;865;0;1
8968;0;865;0;1
8969;0;865;0;1
8970;0;865;0;1
8971;0;865;0;1
8972;0;865;0;1
8973;0;865;0;1
8974;0;865;0;1
8975;0;865;0;1
8976;0;865;0;1
8977;0;865;0;1
8978;0;865;0;1
8979;0;865;0;1
8980;0;865;0;1
8981;0;865;0;1
8982;0;865;0;1
8983;0;865;0;1
8984;0;865;0;1
8985;0;865;0;1
8986;0;865;0;1
8987;0;865;0;1
8988;0;865;0;1
8989;0;865;0;1
8990;0;865;0;1
8991;0;865;0;1
8992;0;865;0;1
8993;0;865;0;1
8994;0;865;0;1
8995;0;865;0;1
8996;0;865;0;1
8997;0;865;0;1
8998;0;865;0;1
8999;0;865;0;1
9000;0;865;0;1
9001;0;865;0;1
9002;0;865;0;1
9003;0;865;0;1
9004;0;865;0;1
9005;0;865;0;1
9006;0;865;0;1
9007;0;865;0;1
9008;0;865;0;1
9009;0;865;0;1
9010;0;865;0;1
9011;0;865;0;1
9012;0;865;0;1
9013;0;865;0;1
9014;0;865;0;1
9015;0;865;0;1
9016;0;865;0;1
9017;0;865;0;1
9018;0;865;0;1
9019;0;865;0;1
9020;0;865;0;1
9021;0;865;0;1
9022;0;865;0;1
9023;0;865;0;1
9024;0;865;0;1
9025;0;865;0;1
9026;0;865;0;1
9027;0;865;0;1
9028;0;865;0;1
9029;0;865;0;1
9030;0;865;0;1
9031;0;865;0;1
9032;0;865;0;1
9033;0;865;0;1
9034;0;865;0;1
9035;0;865;0;1
9036;0;865;0;1
9037;0;865;0;1
9038;0;865;0;1
9039;0;865;0;1
9040;0;865;0;1
9041;0;865;0;1
9042;0;865;0;1
9043;0;865;0;1
9044;0;865;0;1
9045;0;865;0;1
9046;0;865;0;1
9047;0;865;0;1
9048;0;865;0;1
9049;0;865;0;1
9050;0;865;0;1
9051;0;865;0;1
9052;0;865;0;1
9053;0;865;0;1
9054;0;865;0;1
9055;0;865;0;1
9056;0;865;0;1
9057;0;865;0;1
9058;0;865;0;1
9059;0;865;0;1
9060;0;865;0;1
9061;0;865;0;1
9062;0;865;0;1
9063;0;865;0;1
9064;0;865;0;1
9065;0;865;0;1
9066;0;865;0;1
9067;0;865;0;1
9068;0;865;0;1
9069;0;865;0;1
9070;0;865;0;1
9071;0;865;0;1
9072;0;865;0;1
9073;0;865;0;1
9074;0;865;0;1
9075;0;865;0;1
9076;0;865;0;1
9077;0;865;0;1
9078;0;865;0;1
9079;0;865;0;1
9080;0;865;0;1
9081;0;865;0;1
9082;0;865;0;1
9083;0;865;0;1
9084;0;865;0;1
9085;0;865;0;1
9086;0;865;0;1
9087;0;865;0;1
9088;0;865;0;1
9089;0;865;0;1
9090;0;865;0;1
9091;0;865;0;1
9092;0;865;0;1
9093;0;865;0;1
9094;0;865;0;1
9095;0;865;0;1
9096;0;865;0;1
9097;0;865;0;1
9098;0;865;0;1
9099;0;865;0;1
9100;0;865;0;1
9101;0;865;0;1
9102;0;865;0;1
9103;0;865;0;1
9104;0;865;0;1
9105;0;865;0;1
9106;0;865;0;1
9107;0;865;0;1
9108;0;865;0;1
9109;0;865;0;1
9110;0;865;0;1
9111;0;865;0;1
9112;0;865;0;1
9113;0;865;0;1
9114;0;865;0;1
9115;0;865;0;1
9116;0;865;0;1
9117;0;865;0;1
9118;0;865;0;1
9119;0;865;0;1
9120;0;865;0;1
9121;0;865;0;1
9122;0;865;0;1
9123;0;865;0;1
9124;0;865;0;1
9125;0;865;0;1
9126;0;865;0;1
9127;0;865;0;1
9128;0;865;0;1
9129;0;865;0;1
9130;0;865;0;1
9131;0;865;0;1
9132;0;865;0;1
9133;0;865;0;1
9134;0;865;0;1
9135;0;865;0;1
9136;0;865;0;1
9137;0;865;0;1
9138;0;865;0;1
9139;0;865;0;1
9140;0;865;0;1
9141;0;865;0;1
9142;0;865;0;1
9143;0;865;0;1
9144;0;865;0;1
9145;0;865;0;1
9146;0;865;0;1
9147;0;865;0;1
9148;0;865;0;1
9149;0;865;0;1
9150;0;865;0;1
9151;0;865;0;1
9152;0;865;0;1
9153;0;865;0;1
9154;0;865;0;1
9155;0;865;0;1
9156;0;865;0;1
9157;0;865;0;1
9158;0;865;0;1
9159;0;865;0;1
9160;0;865;0;1
9161;0;865;0;1
9162;0;865;0;1
9163;0;865;0;1
9164;0;865;0;1
9165;0;865;0;1
9166;0;865;0;1
9167;0;865;0;1
9168;0;865;0;1
9169;0;865;0;1
9170;0;865;0;1
9171;0;865;0;1
9172;0;865;0;1
9173;0;865;0;1
9174;0;865;0;1
9175;0;865;0;1
9176;0;865;0;1
9177;0;865;0;1
9178;0;865;0;1
9179;0;865;0;1
9180;0;865;0;1
9181;0;865;0;1
9182;0;865;0;1
9183;0;865;0;1
9184;0;865;0;1
9185;0;865;0;1
9186;0;865;0;1
9187;0;865;0;1
9188;0;865;0;1
9189;0;865;0;1
9190;0;865;0;1
9191;0;865;0;1
9192;0;865;0;1
9193;0;865;0;1
9194;0;865;0;1
9195;0;865;0;1
9196;0;865;0;1
9197;0;865;0;1
9198;0;865;0;1
9199;0;865;0;1
9200;0;865;0;1
9201;0;865;0;1
9202;0;865;0;1
9203;0;865;0;1
9204;0;865;0;1
9205;0;865;0;1
9206;0;865;0;1
9207;0;865;0;1
9208;0;865;0;1
9209;0;865;0;1
9210;0;865;0;1
9211;0;865;0;1
9212;0;865;0;1
9213;0;865;0;1
9214;0;865;0;1
9215;0;865;0;1
9216;0;865;0;1
9217;0;865;0;1
9218;0;865;0;1
9219;0;865;0;1
9220;0;865;0;1
9221;0;865;0;1
9222;0;865;0;1
9223;0;865;0;1
9224;0;865;0;1
9225;0;865;0;1
9226;0;865;0;1
9227;0;865;0;1
9228;0;865;0;1
9229;0;865;0;1
9230;0;865;0;1
9231;0;865;0;1
9232;0;865;0;1
9233;0;865;0;1
9234;0;865;0;1
9235;0;865;0;1
9236;0;865;0;1
9237;0;865;0;1
9238;0;865;0;1
9239;0;865;0;1
9240;0;865;0;1
9241;0;865;0;1
9242;0;865;0;1
9243;0;865;0;1
9244;0;865;0;1
9245;0;865;0;1
9246;0;865;0;1
9247;0;865;0;1
9248;0;865;0;1
9249;0;865;0;1
9250;0;865;0;1
9251;0;865;0;1
9252;0;865;0;1
9253;0;865;0;1
9254;0;865;0;1
9255;0;865;0;1
9256;0;865;0;1
9257;0;865;0;1
9258;0;865;0;1
9259;0;865;0;1
9260;0;865;0;1
9261;0;865;0;1
9262;0;865;0;1
9263;0;865;0;1
9264;0;865;0;1
9265;0;865;0;1
9266;0;865;0;1
9267;0;865;0;1
9268;0;865;0;1
9269;0;865;0;1
9270;0;865;0;1
9271;0;865;0;1
9272;0;865;0;1
9273;0;865;0;1
9274;0;865;0;1
9275;0;865;0;1
9276;0;865;0;1
9277;0;865;0;1
9278;0;865;0;1
9279;0;865;0;1
9280;0;865;0;1
9281;0;865;0;1
9282;0;865;0;1
9283;0;865;0;1
9284;0;865;0;1
9285;0;865;0;1
9286;0;865;0;1
9287;0;865;0;1
9288;0;865;0;1
9289;0;865;0;1
9290;0;865;0;1
9291;0;865;0;1
9292;0;865;0;1
9293;0;865;0;1
9294;0;865;0;1
9295;0;865;0;1
9296;0;865;0;1
9297;0;865;0;1
9298;0;865;0;1
9299;0;865;0;1
9300;0;865;0;1
9301;0;865;0;1
9302;0;865;0;1
9303;0;865;0;1
9304;0;865;0;1
9305;0;865;0;1
9306;0;865;0;1
9307;0;865;0;1
9308;0;865;0;1
9309;0;865;0;1
9310;0;865;0;1
9311;0;865;0;1
9312;0;865;0;1
9313;0;865;0;1
9314;0;865;0;1
9315;0;865;0;1
9316;0;865;0;1
9317;0;865;0;1
9318;0;865;0;1
9319;0;865;0;1
9320;0;865;0;1
9321;0;865;0;1
9322;0;865;0;1
9323;0;865;0;1
9324;0;865;0;1
9325;0;865;0;1
9326;0;865;0;1
9327;0;865;0;1
9328;0;865;0;1
9329;0;865;0;1
9330;0;865;0;1
9331;0;865;0;1
9332;0;865;0;1
9333;0;865;0;1
9334;0;865;0;1
9335;0;865;0;1
9336;0;865;0;1
9337;0;865;0;1
9338;0;865;0;1
9339;0;865;0;1
9340;0;865;0;1
9341;0;865;0;1
9342;0;865;0;1
9343;0;865;0;1
9344;0;865;0;1
9345;0;865;0;1
9346;0;865;0;1
9347;0;865;0;1
9348;0;865;0;1
9349;0;865;0;1
9350;0;865;0;1
9351;0;865;0;1
9352;0;865;0;1
9353;0;865;0;1
9354;0;865;0;1
9355;0;865;0;1
9356;0;865;0;1
9357;0;865;0;1
9358;0;865;0;1
9359;0;865;0;1
9360;0;865;0;1
9361;0;865;0;1
9362;0;865;0;1
9363;0;865;0;1
9364;0;865;0;1
9365;0;865;0;1
9366;0;865;0;1
9367;0;865;0;1
9368;0;865;0;1
9369;0;865;0;1
9370;0;865;0;1
9371;0;865;0;1
9372;0;865;0;1
9373;0;865;0;1
9374;0;865;0;1
9375;0;865;0;1
9376;0;865;0;1
9377;0;865;0;1
9378;0;865;0;1
9379;0;865;0;1
9380;0;865;0;1
9381;0;865;0;1
9382;0;865;0;1
9383;0;865;0;1
9384;0;865;0;1
9385;0;865;0;1
9386;0;865;0;1
9387;0;865;0;1
9388;0;865;0;1
9389;0;865;0;1
9390;0;865;0;1
9391;0;865;0;1
9392;0;865;0;1
9393;0;865;0;1
9394;0;865;0;1
9395;0;865;0;1
9396;0;865;0;1
9397;0;865;0;1
9398;0;865;0;1
9399;0;865;0;1
9400;0;865;0;1
9401;0;865;0;1
9402;0;865;0;1
9403;0;865;0;1
9404;0;865;0;1
9405;0;865;0;1
9406;0;865;0;1
9407;0;865;0;1
9408;0;865;0;1
9409;0;865;0;1
9410;0;865;0;1
9411;0;865;0;1
9412;0;865;0;1
9413;0;865;0;1
9414;0;865;0;1
9415;0;865;0;1
9416;0;865;0;1
9417;0;865;0;1
9418;0;865;0;1
9419;0;865;0;1
9420;0;865;0;1
9421;0;865;0;1
9422;0;865;0;1
9423;0;865;0;1
9424;0;865;0;1
9425;0;865;0;1
9426;0;865;0;1
9427;0;865;0;1
9428;0;865;0;1
9429;0;865;0;1
9430;0;865;0;1
9431;0;865;0;1
9432;0;865;0;1
9433;0;865;0;1
9434;0;865;0;1
9435;0;865;0;1
9436;0;865;0;1
9437;0;865;0;1
9438;0;865;0;1
9439;0;865;0;1
9440;0;865;0;1
9441;0;865;0;1
9442;0;865;0;1
9443;0;865;0;1
9444;0;865;0;1
9445;0;865;0;1
9446;0;865;0;1
9447;0;865;0;1
9448;0;865;0;1
9449;0;865;0;1
9450;0;865;0;1
9451;0;865;0;1
9452;0;865;0;1
9453;0;865;0;1
9454;0;865;0;1
9455;0;865;0;1
9456;0;865;0;1
9457;0;865;0;1
9458;0;865;0;1
9459;0;865;0;1
9460;0;865;0;1
9461;0;865;0;1
9462;0;865;0;1
9463;0;865;0;1
9464;0;865;0;1
9465;0;865;0;1
9466;0;865;0;1
9467;0;865;0;1
9468;0;865;0;1
9469;0;865;0;1
9470;0;865;0;1
9471;0;865;0;1
9472;0;865;0;1
9473;0;865;0;1
9474;0;865;0;1
9475;0;865;0;1
9476;0;865;0;1
9477;0;865;0;1
9478;0;865;0;1
9479;0;865;0;1
9480;0;865;0;1
9481;0;865;0;1
9482;0;865;0;1
9483;0;865;0;1
9484;0;865;0;1
9485;0;865;0;1
9486;0;865;0;1
9487;0;865;0;1
9488;0;865;0;1
9489;0;865;0;1
9490;0;865;0;1
9491;0;865;0;1
9492;0;865;0;1
9493;0;865;0;1
9494;0;865;0;1
9495;0;865;0;1
9496;0;865;0;1
9497;0;865;0;1
9498;0;865;0;1
9499;0;865;0;1
9500;0;865;0;1
9501;0;865;0;1
9502;0;865;0;1
9503;0;865;0;1
9504;0;865;0;1
9505;0;865;0;1
9506;0;865;0;1
9507;0;865;0;1
9508;0;865;0;1
9509;0;865;0;1
9510;0;865;0;1
9511;0;865;0;1
9512;0;865;0;1
9513;0;865;0;1
9514;0;865;0;1
9515;0;865;0;1
9516;0;865;0;1
9517;0;865;0;1
9518;0;865;0;1
9519;0;865;0;1
9520;0;865;0;1
9521;0;865;0;1
9522;0;865;0;1
9523;0;865;0;1
9524;0;865;0;1
9525;0;865;0;1
9526;0;865;0;1
9527;0;865;0;1
9528;0;865;0;1
9529;0;865;0;1
9530;0;865;0;1
9531;0;865;0;1
9532;0;865;0;1
9533;0;865;0;1
9534;0;865;0;1
9535;0;865;0;1
9536;0;865;0;1
9537;0;865;0;1
9538;0;865;0;1
9539;0;865;0;1
9540;0;865;0;1
9541;0;865;0;1
9542;0;865;0;1
9543;0;865;0;1
9544;0;865;0;1
9545;0;865;0;1
9546;0;865;0;1
9547;0;865;0;1
9548;0;865;0;1
9549;0;865;0;1
9550;0;865;0;1
9551;0;865;0;1
9552;0;865;0;1
9553;0;865;0;1
9554;0;865;0;1
9555;0;865;0;1
9556;0;865;0;1
9557;0;865;0;1
9558;0;865;0;1
9559;0;865;0;1
9560;0;865;0;1
9561;0;865;0;1
9562;0;865;0;1
9563;0;865;0;1
9564;0;865;0;1
9565;0;865;0;1
9566;0;865;0;1
9567;0;865;0;1
9568;0;865;0;1
9569;0;865;0;1
9570;0;865;0;1
9571;0;865;0;1
9572;0;865;0;1
9573;0;865;0;1
9574;0;865;0;1
9575;0;865;0;1
9576;0;865;0;1
9577;0;865;0;1
9578;0;865;0;1
9579;0;865;0;1
9580;0;865;0;1
9581;0;865;0;1
9582;0;865;0;1
9583;0;865;0;1
9584;0;865;0;1
9585;0;865;0;1
9586;0;865;0;1
9587;0;865;0;1
9588;0;865;0;1
9589;0;865;0;1
9590;0;865;0;1
9591;0;865;0;1
9592;0;865;0;1
9593;0;865;0;1
9594;0;865;0;1
9595;0;865;0;1
9596;0;865;0;1
9597;0;865;0;1
9598;0;865;0;1
9599;0;865;0;1
9600;0;865;0;1
9601;0;865;0;1
9602;0;865;0;1
9603;0;865;0;1
9604;0;865;0;1
9605;0;865;0;1
9606;0;865;0;1
9607;0;865;0;1
9608;0;865;0;1
9609;0;865;0;1
9610;0;865;0;1
9611;0;865;0;1
9612;0;865;0;1
9613;0;865;0;1
9614;0;865;0;1
9615;0;865;0;1
9616;0;865;0;1
9617;0;865;0;1
9618;0;865;0;1
9619;0;865;0;1
9620;0;865;0;1
9621;0;865;0;1
9622;0;865;0;1
9623;0;865;0;1
9624;0;865;0;1
9625;0;865;0;1
9626;0;865;0;1
9627;0;865;0;1
9628;0;865;0;1
9629;0;865;0;1
9630;0;865;0;1
9631;0;865;0;1
9632;0;865;0;1
9633;0;865;0;1
9634;0;865;0;1
9635;0;865;0;1
9636;0;865;0;1
9637;0;865;0;1
9638;0;865;0;1
9639;0;865;0;1
9640;0;865;0;1
9641;0;865;0;1
9642;0;865;0;1
9643;0;865;0;1
9644;0;865;0;1
9645;0;865;0;1
9646;0;865;0;1
9647;0;865;0;1
9648;0;865;0;1
9649;0;865;0;1
9650;0;865;0;1
9651;0;865;0;1
9652;0;865;0;1
9653;0;865;0;1
9654;0;865;0;1
9655;0;865;0;1
9656;0;865;0;1
9657;0;865;0;1
9658;0;865;0;1
9659;0;865;0;1
9660;0;865;0;1
9661;0;865;0;1
9662;0;865;0;1
9663;0;865;0;1
9664;0;865;0;1
9665;0;865;0;1
9666;0;865;0;1
9667;0;865;0;1
9668;0;865;0;1
9669;0;865;0;1
9670;0;865;0;1
9671;0;865;0;1
9672;0;865;0;1
9673;0;865;0;1
9674;0;865;0;1
9675;0;865;0;1
9676;0;865;0;1
9677;0;865;0;1
9678;0;865;0;1
9679;0;865;0;1
9680;0;865;0;1
9681;0;865;0;1
9682;0;865;0;1
9683;0;865;0;1
9684;0;865;0;1
9685;0;865;0;1
9686;0;865;0;1
9687;0;865;0;1
9688;0;865;0;1
9689;0;865;0;1
9690;0;865;0;1
9691;0;865;0;1
9692;0;865;0;1
9693;0;865;0;1
9694;0;865;0;1
9695;0;865;0;1
9696;0;865;0;1
9697;0;865;0;1
9698;0;865;0;1
9699;0;865;0;1
9700;0;865;0;1
9701;0;865;0;1
9702;0;865;0;1
9703;0;865;0;1
9704;0;865;0;1
9705;0;865;0;1
9706;0;865;0;1
9707;0;865;0;1
9708;0;865;0;1
9709;0;865;0;1
9710;0;865;0;1
9711;0;865;0;1
9712;0;865;0;1
9713;0;865;0;1
9714;0;865;0;1
9715;0;865;0;1
9716;0;865;0;1
9717;0;865;0;1
9718;0;865;0;1
9719;0;865;0;1
9720;0;865;0;1
9721;0;865;0;1
9722;0;865;0;1
9723;0;865;0;1
9724;0;865;0;1
9725;0;865;0;1
9726;0;865;0;1
9727;0;865;0;1
9728;0;865;0;1
9729;0;865;0;1
9730;0;865;0;1
9731;0;865;0;1
9732;0;865;0;1
9733;0;865;0;1
9734;0;865;0;1
9735;0;865;0;1
9736;0;865;0;1
9737;0;865;0;1
9738;0;865;0;1
9739;0;865;0;1
9740;0;865;0;1
9741;0;865;0;1
9742;0;865;0;1
9743;0;865;0;1
9744;0;865;0;1
9745;0;865;0;1
9746;0;865;0;1
9747;0;865;0;1
9748;0;865;0;1
9749;0;865;0;1
9750;0;865;0;1
9751;0;865;0;1
9752;0;865;0;1
9753;0;865;0;1
9754;0;865;0;1
9755;0;865;0;1
9756;0;865;0;1
9757;0;865;0;1
9758;0;865;0;1
9759;0;865;0;1
9760;0;865;0;1
9761;0;865;0;1
9762;0;865;0;1
9763;0;865;0;1
9764;0;865;0;1
9765;0;865;0;1
9766;0;865;0;1
9767;0;865;0;1
9768;0;865;0;1
9769;0;865;0;1
9770;0;865;0;1
9771;0;865;0;1
9772;0;865;0;1
9773;0;865;0;1
9774;0;865;0;1
9775;0;865;0;1
9776;0;865;0;1
9777;0;865;0;1
9778;0;865;0;1
9779;0;865;0;1
9780;0;865;0;1
9781;0;865;0;1
9782;0;865;0;1
9783;0;865;0;1
9784;0;865;0;1
9785;0;865;0;1
9786;0;865;0;1
9787;0;865;0;1
9788;0;865;0;1
9789;0;865;0;1
9790;0;865;0;1
9791;0;865;0;1
9792;0;865;0;1
9793;0;865;0;1
9794;0;865;0;1
9795;0;865;0;1
9796;0;865;0;1
9797;0;865;0;1
9798;0;865;0;1
9799;0;865;0;1
9800;0;865;0;1
9801;0;865;0;1
9802;0;865;0;1
9803;0;865;0;1
9804;0;865;0;1
9805;0;865;0;1
9806;0;865;0;1
9807;0;865;0;1
9808;0;865;0;1
9809;0;865;0;1
9810;0;865;0;1
9811;0;865;0;1
9812;0;865;0;1
9813;0;865;0;1
9814;0;865;0;1
9815;0;865;0;1
9816;0;865;0;1
9817;0;865;0;1
9818;0;865;0;1
9819;0;865;0;1
9820;0;865;0;1
9821;0;865;0;1
9822;0;865;0;1
9823;0;865;0;1
9824;0;865;0;1
9825;0;865;0;1
9826;0;865;0;1
9827;0;865;0;1
9828;0;865;0;1
9829;0;865;0;1
9830;0;865;0;1
9831;0;865;0;1
9832;0;865;0;1
9833;0;865;0;1
9834;0;865;0;1
9835;0;865;0;1
9836;0;865;0;1
9837;0;865;0;1
9838;0;865;0;1
9839;0;865;0;1
9840;0;865;0;1
9841;0;865;0;1
9842;0;865;0;1
9843;0;865;0;1
9844;0;865;0;1
9845;0;865;0;1
9846;0;865;0;1
9847;0;865;0;1
9848;0;865;0;1
9849;0;865;0;1
9850;0;865;0;1
9851;0;865;0;1
9852;0;865;0;1
9853;0;865;0;1
9854;0;865;0;1
9855;0;865;0;1
9856;0;865;0;1
9857;0;865;0;1
9858;0;865;0;1
9859;0;865;0;1
9860;0;865;0;1
9861;0;865;0;1
9862;0;865;0;1
9863;0;865;0;1
9864;0;865;0;1
9865;0;865;0;1
9866;0;865;0;1
9867;0;865;0;1
9868;0;865;0;1
9869;0;865;0;1
9870;0;865;0;1
9871;0;865;0;1
9872;0;865;0;1
9873;0;865;0;1
9874;0;865;0;1
9875;0;865;0;1
9876;0;865;0;1
9877;0;865;0;1
9878;0;865;0;1
9879;0;865;0;1
9880;0;865;0;1
9881;0;865;0;1
9882;0;865;0;1
9883;0;865;0;1
9884;0;865;0;1
9885;0;865;0;1
9886;0;865;0;1
9887;0;865;0;1
9888;0;865;0;1
9889;0;865;0;1
9890;0;865;0;1
9891;0;865;0;1
9892;0;865;0;1
9893;0;865;0;1
9894;0;865;0;1
9895;0;865;0;1
9896;0;865;0;1
9897;0;865;0;1
9898;0;865;0;1
9899;0;865;0;1
9900;0;865;0;1
9901;0;865;0;1
9902;0;865;0;1
9903;0;865;0;1
9904;0;865;0;1
9905;0;865;0;1
9906;0;865;0;1
9907;0;865;0;1
9908;0;865;0;1
9909;0;865;0;1
9910;0;865;0;1
9911;0;865;0;1
9912;0;865;0;1
9913;0;865;0;1
9914;0;865;0;1
9915;0;865;0;1
9916;0;865;0;1
9917;0;865;0;1
9918;0;865;0;1
9919;0;865;0;1
9920;0;865;0;1
9921;0;865;0;1
9922;0;865;0;1
9923;0;865;0;1
9924;0;865;0;1
9925;0;865;0;1
9926;0;865;0;1
9927;0;865;0;1
9928;0;865;0;1
9929;0;865;0;1
9930;0;865;0;1
9931;0;865;0;1
9932;0;865;0;1
9933;0;865;0;1
9934;0;865;0;1
9935;0;865;0;1
9936;0;865;0;1
9937;0;865;0;1
9938;0;865;0;1
9939;0;865;0;1
9940;0;865;0;1
9941;0;865;0;1
9942;0;865;0;1
9943;0;865;0;1
9944;0;865;0;1
9945;0;865;0;1
9946;0;865;0;1
9947;0;865;0;1
9948;0;865;0;1
9949;0;865;0;1
9950;0;865;0;1
9951;0;865;0;1
9952;0;865;0;1
9953;0;865;0;1
9954;0;865;0;1
9955;0;865;0;1
9956;0;865;0;1
9957;0;865;0;1
9958;0;865;0;1
9959;0;865;0;1
9960;0;865;0;1
9961;0;865;0;1
9962;0;865;0;1
9963;0;865;0;1
9964;0;865;0;1
9965;0;865;0;1
9966;0;865;0;1
9967;0;865;0;1
9968;0;865;0;1
9969;0;865;0;1
9970;0;865;0;1
9971;0;865;0;1
9972;0;865;0;1
9973;0;865;0;1
9974;0;865;0;1
9975;0;865;0;1
9976;0;865;0;1
9977;0;865;0;1
9978;0;865;0;1
9979;0;865;0;1
9980;0;865;0;1
9981;0;865;0;1
9982;0;865;0;1
9983;0;865;0;1
9984;0;865;0;1
9985;0;865;0;1
9986;0;865;0;1
9987;0;865;0;1
9988;0;865;0;1
9989;0;865;0;1
9990;0;865;0;1
9991;0;865;0;1
9992;0;865;0;1
9993;0;865;0;1
9994;0;865;0;1
9995;0;865;0;1
9996;0;865;0;1
9997;0;865;0;1
9998;0;865;0;1
9999;0;865;0;1
10000;0;865;0;1
10001;0;865;0;1
10002;0;865;0;1
10003;0;865;0;1
10004;0;865;0;1
10005;0;865;0;1
10006;0;865;0;1
10007;0;865;0;1
10008;0;865;0;1
10009;0;865;0;1
10010;0;865;0;1
10011;0;865;0;1
10012;0;865;0;1
10013;0;865;0;1
10014;0;865;0;1
10015;0;865;0;1
10016;0;865;0;1
10017;0;865;0;1
10018;0;865;0;1
10019;0;865;0;1
10020;0;865;0;1
10021;0;865;0;1
10022;0;865;0;1
10023;0;865;0;1
10024;0;865;0;1
10025;0;865;0;1
10026;0;865;0;1
10027;0;865;0;1
10028;0;865;0;1
10029;0;865;0;1
10030;0;865;0;1
10031;0;865;0;1
10032;0;865;0;1
10033;0;865;0;1
10034;0;865;0;1
10035;0;865;0;1
10036;0;865;0;1
10037;0;865;0;1
10038;0;865;0;1
10039;0;865;0;1
10040;0;865;0;1
10041;0;865;0;1
10042;0;865;0;1
10043;0;865;0;1
10044;0;865;0;1
10045;0;865;0;1
10046;0;865;0;1
10047;0;865;0;1
10048;0;865;0;1
10049;0;865;0;1
10050;0;865;0;1
10051;0;865;0;1
10052;0;865;0;1
10053;0;865;0;1
10054;0;865;0;1
10055;0;865;0;1
10056;0;865;0;1
10057;0;865;0;1
10058;0;865;0;1
10059;0;865;0;1
10060;0;865;0;1
10061;0;865;0;1
10062;0;865;0;1
10063;0;865;0;1
10064;0;865;0;1
10065;0;865;0;1
10066;0;865;0;1
10067;0;865;0;1
10068;0;865;0;1
10069;0;865;0;1
10070;0;865;0;1
10071;0;865;0;1
10072;0;865;0;1
10073;0;865;0;1
10074;0;865;0;1
10075;0;865;0;1
10076;0;865;0;1
10077;0;865;0;1
10078;0;865;0;1
10079;0;865;0;1
