Slot;Anzahl;Anzahl_Sum;relativer_Anteil;relativer_Anteil_Sum
2700;26;26;0.0161290323;0.0161290323
2701;2;28;0.0012406948;0.017369727
2702;6;34;0.0037220844;0.0210918114
2703;2;36;0.0012406948;0.0223325062
2704;4;40;0.0024813896;0.0248138958
2705;14;54;0.0086848635;0.0334987593
2706;2;56;0.0012406948;0.0347394541
2707;6;62;0.0037220844;0.0384615385
2708;0;62;0;0.0384615385
2709;1;63;0.0006203474;0.0390818859
2710;11;74;0.0068238213;0.0459057072
2711;2;76;0.0012406948;0.047146402
2712;1;77;0.0006203474;0.0477667494
2713;5;82;0.003101737;0.0508684864
2714;4;86;0.0024813896;0.0533498759
2715;12;98;0.0074441687;0.0607940447
2716;6;104;0.0037220844;0.064516129
2717;3;107;0.0018610422;0.0663771712
2718;1;108;0.0006203474;0.0669975186
2719;1;109;0.0006203474;0.067617866
2720;14;123;0.0086848635;0.0763027295
2721;0;123;0;0.0763027295
2722;1;124;0.0006203474;0.0769230769
2723;3;127;0.0018610422;0.0787841191
2724;3;130;0.0018610422;0.0806451613
2725;8;138;0.0049627792;0.0856079404
2726;3;141;0.0018610422;0.0874689826
2727;5;146;0.003101737;0.0905707196
2728;1;147;0.0006203474;0.091191067
2729;5;152;0.003101737;0.094292804
2730;14;166;0.0086848635;0.1029776675
2731;3;169;0.0018610422;0.1048387097
2732;2;171;0.0012406948;0.1060794045
2733;3;174;0.0018610422;0.1079404467
2734;1;175;0.0006203474;0.108560794
2735;20;195;0.0124069479;0.1209677419
2736;2;197;0.0012406948;0.1222084367
2737;6;203;0.0037220844;0.1259305211
2738;1;204;0.0006203474;0.1265508685
2739;3;207;0.0018610422;0.1284119107
2740;7;214;0.0043424318;0.1327543424
2741;1;215;0.0006203474;0.1333746898
2742;1;216;0.0006203474;0.1339950372
2743;4;220;0.0024813896;0.1364764268
2744;2;222;0.0012406948;0.1377171216
2745;7;229;0.0043424318;0.1420595533
2746;2;231;0.0012406948;0.1433002481
2747;0;231;0;0.1433002481
2748;2;233;0.0012406948;0.1445409429
2749;2;235;0.0012406948;0.1457816377
2750;9;244;0.0055831266;0.1513647643
2751;3;247;0.0018610422;0.1532258065
2752;2;249;0.0012406948;0.1544665012
2753;2;251;0.0012406948;0.155707196
2754;1;252;0.0006203474;0.1563275434
2755;12;264;0.0074441687;0.1637717122
2756;1;265;0.0006203474;0.1643920596
2757;3;268;0.0018610422;0.1662531017
2758;3;271;0.0018610422;0.1681141439
2759;3;274;0.0018610422;0.1699751861
2760;11;285;0.0068238213;0.1767990074
2761;0;285;0;0.1767990074
2762;2;287;0.0012406948;0.1780397022
2763;2;289;0.0012406948;0.179280397
2764;2;291;0.0012406948;0.1805210918
2765;16;307;0.0099255583;0.1904466501
2766;4;311;0.0024813896;0.1929280397
2767;1;312;0.0006203474;0.1935483871
2768;2;314;0.0012406948;0.1947890819
2769;2;316;0.0012406948;0.1960297767
2770;15;331;0.0093052109;0.2053349876
2771;1;332;0.0006203474;0.205955335
2772;2;334;0.0012406948;0.2071960298
2773;2;336;0.0012406948;0.2084367246
2774;2;338;0.0012406948;0.2096774194
2775;9;347;0.0055831266;0.2152605459
2776;2;349;0.0012406948;0.2165012407
2777;1;350;0.0006203474;0.2171215881
2778;2;352;0.0012406948;0.2183622829
2779;4;356;0.0024813896;0.2208436725
2780;11;367;0.0068238213;0.2276674938
2781;2;369;0.0012406948;0.2289081886
2782;0;369;0;0.2289081886
2783;1;370;0.0006203474;0.229528536
2784;2;372;0.0012406948;0.2307692308
2785;8;380;0.0049627792;0.2357320099
2786;0;380;0;0.2357320099
2787;1;381;0.0006203474;0.2363523573
2788;3;384;0.0018610422;0.2382133995
2789;1;385;0.0006203474;0.2388337469
2790;18;403;0.0111662531;0.25
2791;4;407;0.0024813896;0.2524813896
2792;2;409;0.0012406948;0.2537220844
2793;1;410;0.0006203474;0.2543424318
2794;3;413;0.0018610422;0.2562034739
2795;15;428;0.0093052109;0.2655086849
2796;5;433;0.003101737;0.2686104218
2797;1;434;0.0006203474;0.2692307692
2798;7;441;0.0043424318;0.273573201
2799;3;444;0.0018610422;0.2754342432
2800;12;456;0.0074441687;0.2828784119
2801;1;457;0.0006203474;0.2834987593
2802;1;458;0.0006203474;0.2841191067
2803;4;462;0.0024813896;0.2866004963
2804;5;467;0.003101737;0.2897022333
2805;10;477;0.0062034739;0.2959057072
2806;1;478;0.0006203474;0.2965260546
2807;2;480;0.0012406948;0.2977667494
2808;1;481;0.0006203474;0.2983870968
2809;2;483;0.0012406948;0.2996277916
2810;11;494;0.0068238213;0.3064516129
2811;3;497;0.0018610422;0.3083126551
2812;2;499;0.0012406948;0.3095533499
2813;3;502;0.0018610422;0.3114143921
2814;1;503;0.0006203474;0.3120347395
2815;9;512;0.0055831266;0.317617866
2816;0;512;0;0.317617866
2817;1;513;0.0006203474;0.3182382134
2818;5;518;0.003101737;0.3213399504
2819;1;519;0.0006203474;0.3219602978
2820;4;523;0.0024813896;0.3244416873
2821;2;525;0.0012406948;0.3256823821
2822;3;528;0.0018610422;0.3275434243
2823;1;529;0.0006203474;0.3281637717
2824;3;532;0.0018610422;0.3300248139
2825;6;538;0.0037220844;0.3337468983
2826;3;541;0.0018610422;0.3356079404
2827;1;542;0.0006203474;0.3362282878
2828;4;546;0.0024813896;0.3387096774
2829;2;548;0.0012406948;0.3399503722
2830;12;560;0.0074441687;0.3473945409
2831;2;562;0.0012406948;0.3486352357
2832;3;565;0.0018610422;0.3504962779
2833;1;566;0.0006203474;0.3511166253
2834;1;567;0.0006203474;0.3517369727
2835;11;578;0.0068238213;0.358560794
2836;3;581;0.0018610422;0.3604218362
2837;2;583;0.0012406948;0.361662531
2838;3;586;0.0018610422;0.3635235732
2839;4;590;0.0024813896;0.3660049628
2840;7;597;0.0043424318;0.3703473945
2841;2;599;0.0012406948;0.3715880893
2842;3;602;0.0018610422;0.3734491315
2843;2;604;0.0012406948;0.3746898263
2844;1;605;0.0006203474;0.3753101737
2845;5;610;0.003101737;0.3784119107
2846;2;612;0.0012406948;0.3796526055
2847;2;614;0.0012406948;0.3808933002
2848;1;615;0.0006203474;0.3815136476
2849;1;616;0.0006203474;0.382133995
2850;16;632;0.0099255583;0.3920595533
2851;0;632;0;0.3920595533
2852;2;634;0.0012406948;0.3933002481
2853;2;636;0.0012406948;0.3945409429
2854;0;636;0;0.3945409429
2855;13;649;0.0080645161;0.4026054591
2856;2;651;0.0012406948;0.4038461538
2857;1;652;0.0006203474;0.4044665012
2858;4;656;0.0024813896;0.4069478908
2859;1;657;0.0006203474;0.4075682382
2860;2;659;0.0012406948;0.408808933
2861;0;659;0;0.408808933
2862;0;659;0;0.408808933
2863;0;659;0;0.408808933
2864;1;660;0.0006203474;0.4094292804
2865;9;669;0.0055831266;0.4150124069
2866;1;670;0.0006203474;0.4156327543
2867;0;670;0;0.4156327543
2868;1;671;0.0006203474;0.4162531017
2869;2;673;0.0012406948;0.4174937965
2870;6;679;0.0037220844;0.4212158809
2871;5;684;0.003101737;0.4243176179
2872;0;684;0;0.4243176179
2873;3;687;0.0018610422;0.42617866
2874;1;688;0.0006203474;0.4267990074
2875;8;696;0.0049627792;0.4317617866
2876;1;697;0.0006203474;0.432382134
2877;1;698;0.0006203474;0.4330024814
2878;0;698;0;0.4330024814
2879;1;699;0.0006203474;0.4336228288
2880;7;706;0.0043424318;0.4379652605
2881;0;706;0;0.4379652605
2882;2;708;0.0012406948;0.4392059553
2883;1;709;0.0006203474;0.4398263027
2884;1;710;0.0006203474;0.4404466501
2885;8;718;0.0049627792;0.4454094293
2886;1;719;0.0006203474;0.4460297767
2887;0;719;0;0.4460297767
2888;3;722;0.0018610422;0.4478908189
2889;2;724;0.0012406948;0.4491315136
2890;6;730;0.0037220844;0.452853598
2891;2;732;0.0012406948;0.4540942928
2892;1;733;0.0006203474;0.4547146402
2893;2;735;0.0012406948;0.455955335
2894;1;736;0.0006203474;0.4565756824
2895;5;741;0.003101737;0.4596774194
2896;2;743;0.0012406948;0.4609181141
2897;2;745;0.0012406948;0.4621588089
2898;3;748;0.0018610422;0.4640198511
2899;3;751;0.0018610422;0.4658808933
2900;10;761;0.0062034739;0.4720843672
2901;5;766;0.003101737;0.4751861042
2902;1;767;0.0006203474;0.4758064516
2903;4;771;0.0024813896;0.4782878412
2904;4;775;0.0024813896;0.4807692308
2905;11;786;0.0068238213;0.4875930521
2906;2;788;0.0012406948;0.4888337469
2907;0;788;0;0.4888337469
2908;1;789;0.0006203474;0.4894540943
2909;0;789;0;0.4894540943
2910;10;799;0.0062034739;0.4956575682
2911;1;800;0.0006203474;0.4962779156
2912;1;801;0.0006203474;0.496898263
2913;1;802;0.0006203474;0.4975186104
2914;0;802;0;0.4975186104
2915;6;808;0.0037220844;0.5012406948
2916;2;810;0.0012406948;0.5024813896
2917;1;811;0.0006203474;0.503101737
2918;2;813;0.0012406948;0.5043424318
2919;1;814;0.0006203474;0.5049627792
2920;3;817;0.0018610422;0.5068238213
2921;1;818;0.0006203474;0.5074441687
2922;3;821;0.0018610422;0.5093052109
2923;1;822;0.0006203474;0.5099255583
2924;1;823;0.0006203474;0.5105459057
2925;9;832;0.0055831266;0.5161290323
2926;0;832;0;0.5161290323
2927;1;833;0.0006203474;0.5167493797
2928;0;833;0;0.5167493797
2929;1;834;0.0006203474;0.517369727
2930;6;840;0.0037220844;0.5210918114
2931;0;840;0;0.5210918114
2932;1;841;0.0006203474;0.5217121588
2933;1;842;0.0006203474;0.5223325062
2934;1;843;0.0006203474;0.5229528536
2935;6;849;0.0037220844;0.526674938
2936;0;849;0;0.526674938
2937;1;850;0.0006203474;0.5272952854
2938;3;853;0.0018610422;0.5291563275
2939;1;854;0.0006203474;0.5297766749
2940;5;859;0.003101737;0.5328784119
2941;0;859;0;0.5328784119
2942;1;860;0.0006203474;0.5334987593
2943;2;862;0.0012406948;0.5347394541
2944;1;863;0.0006203474;0.5353598015
2945;10;873;0.0062034739;0.5415632754
2946;2;875;0.0012406948;0.5428039702
2947;2;877;0.0012406948;0.544044665
2948;1;878;0.0006203474;0.5446650124
2949;1;879;0.0006203474;0.5452853598
2950;8;887;0.0049627792;0.550248139
2951;0;887;0;0.550248139
2952;2;889;0.0012406948;0.5514888337
2953;2;891;0.0012406948;0.5527295285
2954;0;891;0;0.5527295285
2955;3;894;0.0018610422;0.5545905707
2956;2;896;0.0012406948;0.5558312655
2957;1;897;0.0006203474;0.5564516129
2958;2;899;0.0012406948;0.5576923077
2959;0;899;0;0.5576923077
2960;3;902;0.0018610422;0.5595533499
2961;2;904;0.0012406948;0.5607940447
2962;1;905;0.0006203474;0.5614143921
2963;4;909;0.0024813896;0.5638957816
2964;0;909;0;0.5638957816
2965;2;911;0.0012406948;0.5651364764
2966;0;911;0;0.5651364764
2967;1;912;0.0006203474;0.5657568238
2968;1;913;0.0006203474;0.5663771712
2969;1;914;0.0006203474;0.5669975186
2970;9;923;0.0055831266;0.5725806452
2971;1;924;0.0006203474;0.5732009926
2972;2;926;0.0012406948;0.5744416873
2973;2;928;0.0012406948;0.5756823821
2974;0;928;0;0.5756823821
2975;2;930;0.0012406948;0.5769230769
2976;4;934;0.0024813896;0.5794044665
2977;0;934;0;0.5794044665
2978;5;939;0.003101737;0.5825062035
2979;0;939;0;0.5825062035
2980;4;943;0.0024813896;0.5849875931
2981;1;944;0.0006203474;0.5856079404
2982;0;944;0;0.5856079404
2983;1;945;0.0006203474;0.5862282878
2984;0;945;0;0.5862282878
2985;1;946;0.0006203474;0.5868486352
2986;1;947;0.0006203474;0.5874689826
2987;2;949;0.0012406948;0.5887096774
2988;0;949;0;0.5887096774
2989;1;950;0.0006203474;0.5893300248
2990;2;952;0.0012406948;0.5905707196
2991;1;953;0.0006203474;0.591191067
2992;2;955;0.0012406948;0.5924317618
2993;1;956;0.0006203474;0.5930521092
2994;1;957;0.0006203474;0.5936724566
2995;9;966;0.0055831266;0.5992555831
2996;0;966;0;0.5992555831
2997;1;967;0.0006203474;0.5998759305
2998;0;967;0;0.5998759305
2999;2;969;0.0012406948;0.6011166253
3000;6;975;0.0037220844;0.6048387097
3001;0;975;0;0.6048387097
3002;2;977;0.0012406948;0.6060794045
3003;2;979;0.0012406948;0.6073200993
3004;1;980;0.0006203474;0.6079404467
3005;3;983;0.0018610422;0.6098014888
3006;1;984;0.0006203474;0.6104218362
3007;0;984;0;0.6104218362
3008;2;986;0.0012406948;0.611662531
3009;1;987;0.0006203474;0.6122828784
3010;5;992;0.003101737;0.6153846154
3011;2;994;0.0012406948;0.6166253102
3012;1;995;0.0006203474;0.6172456576
3013;0;995;0;0.6172456576
3014;0;995;0;0.6172456576
3015;1;996;0.0006203474;0.617866005
3016;0;996;0;0.617866005
3017;4;1000;0.0024813896;0.6203473945
3018;0;1000;0;0.6203473945
3019;2;1002;0.0012406948;0.6215880893
3020;8;1010;0.0049627792;0.6265508685
3021;0;1010;0;0.6265508685
3022;1;1011;0.0006203474;0.6271712159
3023;0;1011;0;0.6271712159
3024;1;1012;0.0006203474;0.6277915633
3025;3;1015;0.0018610422;0.6296526055
3026;1;1016;0.0006203474;0.6302729529
3027;4;1020;0.0024813896;0.6327543424
3028;0;1020;0;0.6327543424
3029;1;1021;0.0006203474;0.6333746898
3030;2;1023;0.0012406948;0.6346153846
3031;0;1023;0;0.6346153846
3032;1;1024;0.0006203474;0.635235732
3033;0;1024;0;0.635235732
3034;2;1026;0.0012406948;0.6364764268
3035;4;1030;0.0024813896;0.6389578164
3036;1;1031;0.0006203474;0.6395781638
3037;3;1034;0.0018610422;0.641439206
3038;2;1036;0.0012406948;0.6426799007
3039;0;1036;0;0.6426799007
3040;7;1043;0.0043424318;0.6470223325
3041;0;1043;0;0.6470223325
3042;0;1043;0;0.6470223325
3043;0;1043;0;0.6470223325
3044;0;1043;0;0.6470223325
3045;6;1049;0.0037220844;0.6507444169
3046;2;1051;0.0012406948;0.6519851117
3047;1;1052;0.0006203474;0.6526054591
3048;2;1054;0.0012406948;0.6538461538
3049;2;1056;0.0012406948;0.6550868486
3050;7;1063;0.0043424318;0.6594292804
3051;2;1065;0.0012406948;0.6606699752
3052;0;1065;0;0.6606699752
3053;0;1065;0;0.6606699752
3054;0;1065;0;0.6606699752
3055;11;1076;0.0068238213;0.6674937965
3056;0;1076;0;0.6674937965
3057;1;1077;0.0006203474;0.6681141439
3058;1;1078;0.0006203474;0.6687344913
3059;2;1080;0.0012406948;0.6699751861
3060;3;1083;0.0018610422;0.6718362283
3061;0;1083;0;0.6718362283
3062;1;1084;0.0006203474;0.6724565757
3063;0;1084;0;0.6724565757
3064;2;1086;0.0012406948;0.6736972705
3065;3;1089;0.0018610422;0.6755583127
3066;1;1090;0.0006203474;0.67617866
3067;2;1092;0.0012406948;0.6774193548
3068;1;1093;0.0006203474;0.6780397022
3069;3;1096;0.0018610422;0.6799007444
3070;7;1103;0.0043424318;0.6842431762
3071;0;1103;0;0.6842431762
3072;0;1103;0;0.6842431762
3073;0;1103;0;0.6842431762
3074;0;1103;0;0.6842431762
3075;2;1105;0.0012406948;0.685483871
3076;1;1106;0.0006203474;0.6861042184
3077;0;1106;0;0.6861042184
3078;0;1106;0;0.6861042184
3079;0;1106;0;0.6861042184
3080;4;1110;0.0024813896;0.6885856079
3081;1;1111;0.0006203474;0.6892059553
3082;0;1111;0;0.6892059553
3083;0;1111;0;0.6892059553
3084;2;1113;0.0012406948;0.6904466501
3085;5;1118;0.003101737;0.6935483871
3086;1;1119;0.0006203474;0.6941687345
3087;1;1120;0.0006203474;0.6947890819
3088;3;1123;0.0018610422;0.6966501241
3089;0;1123;0;0.6966501241
3090;3;1126;0.0018610422;0.6985111663
3091;0;1126;0;0.6985111663
3092;0;1126;0;0.6985111663
3093;2;1128;0.0012406948;0.699751861
3094;0;1128;0;0.699751861
3095;5;1133;0.003101737;0.702853598
3096;1;1134;0.0006203474;0.7034739454
3097;1;1135;0.0006203474;0.7040942928
3098;0;1135;0;0.7040942928
3099;0;1135;0;0.7040942928
3100;4;1139;0.0024813896;0.7065756824
3101;1;1140;0.0006203474;0.7071960298
3102;1;1141;0.0006203474;0.7078163772
3103;0;1141;0;0.7078163772
3104;1;1142;0.0006203474;0.7084367246
3105;6;1148;0.0037220844;0.7121588089
3106;2;1150;0.0012406948;0.7133995037
3107;2;1152;0.0012406948;0.7146401985
3108;0;1152;0;0.7146401985
3109;0;1152;0;0.7146401985
3110;4;1156;0.0024813896;0.7171215881
3111;0;1156;0;0.7171215881
3112;3;1159;0.0018610422;0.7189826303
3113;1;1160;0.0006203474;0.7196029777
3114;0;1160;0;0.7196029777
3115;3;1163;0.0018610422;0.7214640199
3116;1;1164;0.0006203474;0.7220843672
3117;2;1166;0.0012406948;0.723325062
3118;0;1166;0;0.723325062
3119;0;1166;0;0.723325062
3120;4;1170;0.0024813896;0.7258064516
3121;0;1170;0;0.7258064516
3122;1;1171;0.0006203474;0.726426799
3123;1;1172;0.0006203474;0.7270471464
3124;0;1172;0;0.7270471464
3125;5;1177;0.003101737;0.7301488834
3126;1;1178;0.0006203474;0.7307692308
3127;2;1180;0.0012406948;0.7320099256
3128;3;1183;0.0018610422;0.7338709677
3129;0;1183;0;0.7338709677
3130;3;1186;0.0018610422;0.7357320099
3131;0;1186;0;0.7357320099
3132;0;1186;0;0.7357320099
3133;0;1186;0;0.7357320099
3134;0;1186;0;0.7357320099
3135;5;1191;0.003101737;0.7388337469
3136;0;1191;0;0.7388337469
3137;1;1192;0.0006203474;0.7394540943
3138;2;1194;0.0012406948;0.7406947891
3139;1;1195;0.0006203474;0.7413151365
3140;2;1197;0.0012406948;0.7425558313
3141;0;1197;0;0.7425558313
3142;1;1198;0.0006203474;0.7431761787
3143;0;1198;0;0.7431761787
3144;0;1198;0;0.7431761787
3145;4;1202;0.0024813896;0.7456575682
3146;0;1202;0;0.7456575682
3147;2;1204;0.0012406948;0.746898263
3148;3;1207;0.0018610422;0.7487593052
3149;0;1207;0;0.7487593052
3150;5;1212;0.003101737;0.7518610422
3151;0;1212;0;0.7518610422
3152;3;1215;0.0018610422;0.7537220844
3153;0;1215;0;0.7537220844
3154;0;1215;0;0.7537220844
3155;2;1217;0.0012406948;0.7549627792
3156;1;1218;0.0006203474;0.7555831266
3157;0;1218;0;0.7555831266
3158;0;1218;0;0.7555831266
3159;0;1218;0;0.7555831266
3160;3;1221;0.0018610422;0.7574441687
3161;2;1223;0.0012406948;0.7586848635
3162;0;1223;0;0.7586848635
3163;0;1223;0;0.7586848635
3164;1;1224;0.0006203474;0.7593052109
3165;1;1225;0.0006203474;0.7599255583
3166;1;1226;0.0006203474;0.7605459057
3167;0;1226;0;0.7605459057
3168;1;1227;0.0006203474;0.7611662531
3169;1;1228;0.0006203474;0.7617866005
3170;1;1229;0.0006203474;0.7624069479
3171;1;1230;0.0006203474;0.7630272953
3172;1;1231;0.0006203474;0.7636476427
3173;0;1231;0;0.7636476427
3174;0;1231;0;0.7636476427
3175;2;1233;0.0012406948;0.7648883375
3176;1;1234;0.0006203474;0.7655086849
3177;0;1234;0;0.7655086849
3178;1;1235;0.0006203474;0.7661290323
3179;0;1235;0;0.7661290323
3180;2;1237;0.0012406948;0.767369727
3181;0;1237;0;0.767369727
3182;2;1239;0.0012406948;0.7686104218
3183;0;1239;0;0.7686104218
3184;0;1239;0;0.7686104218
3185;2;1241;0.0012406948;0.7698511166
3186;0;1241;0;0.7698511166
3187;0;1241;0;0.7698511166
3188;0;1241;0;0.7698511166
3189;0;1241;0;0.7698511166
3190;3;1244;0.0018610422;0.7717121588
3191;2;1246;0.0012406948;0.7729528536
3192;2;1248;0.0012406948;0.7741935484
3193;0;1248;0;0.7741935484
3194;0;1248;0;0.7741935484
3195;2;1250;0.0012406948;0.7754342432
3196;0;1250;0;0.7754342432
3197;0;1250;0;0.7754342432
3198;1;1251;0.0006203474;0.7760545906
3199;1;1252;0.0006203474;0.776674938
3200;2;1254;0.0012406948;0.7779156328
3201;1;1255;0.0006203474;0.7785359801
3202;1;1256;0.0006203474;0.7791563275
3203;1;1257;0.0006203474;0.7797766749
3204;0;1257;0;0.7797766749
3205;3;1260;0.0018610422;0.7816377171
3206;0;1260;0;0.7816377171
3207;0;1260;0;0.7816377171
3208;0;1260;0;0.7816377171
3209;0;1260;0;0.7816377171
3210;2;1262;0.0012406948;0.7828784119
3211;0;1262;0;0.7828784119
3212;0;1262;0;0.7828784119
3213;0;1262;0;0.7828784119
3214;0;1262;0;0.7828784119
3215;3;1265;0.0018610422;0.7847394541
3216;1;1266;0.0006203474;0.7853598015
3217;0;1266;0;0.7853598015
3218;0;1266;0;0.7853598015
3219;0;1266;0;0.7853598015
3220;3;1269;0.0018610422;0.7872208437
3221;1;1270;0.0006203474;0.7878411911
3222;1;1271;0.0006203474;0.7884615385
3223;1;1272;0.0006203474;0.7890818859
3224;1;1273;0.0006203474;0.7897022333
3225;2;1275;0.0012406948;0.790942928
3226;0;1275;0;0.790942928
3227;2;1277;0.0012406948;0.7921836228
3228;1;1278;0.0006203474;0.7928039702
3229;1;1279;0.0006203474;0.7934243176
3230;6;1285;0.0037220844;0.797146402
3231;0;1285;0;0.797146402
3232;1;1286;0.0006203474;0.7977667494
3233;0;1286;0;0.7977667494
3234;0;1286;0;0.7977667494
3235;3;1289;0.0018610422;0.7996277916
3236;1;1290;0.0006203474;0.800248139
3237;0;1290;0;0.800248139
3238;1;1291;0.0006203474;0.8008684864
3239;1;1292;0.0006203474;0.8014888337
3240;2;1294;0.0012406948;0.8027295285
3241;2;1296;0.0012406948;0.8039702233
3242;0;1296;0;0.8039702233
3243;0;1296;0;0.8039702233
3244;1;1297;0.0006203474;0.8045905707
3245;3;1300;0.0018610422;0.8064516129
3246;0;1300;0;0.8064516129
3247;0;1300;0;0.8064516129
3248;1;1301;0.0006203474;0.8070719603
3249;0;1301;0;0.8070719603
3250;4;1305;0.0024813896;0.8095533499
3251;0;1305;0;0.8095533499
3252;0;1305;0;0.8095533499
3253;0;1305;0;0.8095533499
3254;0;1305;0;0.8095533499
3255;1;1306;0.0006203474;0.8101736973
3256;0;1306;0;0.8101736973
3257;0;1306;0;0.8101736973
3258;0;1306;0;0.8101736973
3259;0;1306;0;0.8101736973
3260;1;1307;0.0006203474;0.8107940447
3261;2;1309;0.0012406948;0.8120347395
3262;0;1309;0;0.8120347395
3263;1;1310;0.0006203474;0.8126550868
3264;0;1310;0;0.8126550868
3265;2;1312;0.0012406948;0.8138957816
3266;0;1312;0;0.8138957816
3267;0;1312;0;0.8138957816
3268;0;1312;0;0.8138957816
3269;1;1313;0.0006203474;0.814516129
3270;2;1315;0.0012406948;0.8157568238
3271;1;1316;0.0006203474;0.8163771712
3272;0;1316;0;0.8163771712
3273;0;1316;0;0.8163771712
3274;0;1316;0;0.8163771712
3275;1;1317;0.0006203474;0.8169975186
3276;0;1317;0;0.8169975186
3277;0;1317;0;0.8169975186
3278;0;1317;0;0.8169975186
3279;0;1317;0;0.8169975186
3280;4;1321;0.0024813896;0.8194789082
3281;1;1322;0.0006203474;0.8200992556
3282;2;1324;0.0012406948;0.8213399504
3283;1;1325;0.0006203474;0.8219602978
3284;1;1326;0.0006203474;0.8225806452
3285;3;1329;0.0018610422;0.8244416873
3286;1;1330;0.0006203474;0.8250620347
3287;0;1330;0;0.8250620347
3288;0;1330;0;0.8250620347
3289;2;1332;0.0012406948;0.8263027295
3290;2;1334;0.0012406948;0.8275434243
3291;1;1335;0.0006203474;0.8281637717
3292;0;1335;0;0.8281637717
3293;1;1336;0.0006203474;0.8287841191
3294;0;1336;0;0.8287841191
3295;1;1337;0.0006203474;0.8294044665
3296;1;1338;0.0006203474;0.8300248139
3297;1;1339;0.0006203474;0.8306451613
3298;0;1339;0;0.8306451613
3299;2;1341;0.0012406948;0.8318858561
3300;2;1343;0.0012406948;0.8331265509
3301;2;1345;0.0012406948;0.8343672457
3302;0;1345;0;0.8343672457
3303;1;1346;0.0006203474;0.8349875931
3304;0;1346;0;0.8349875931
3305;1;1347;0.0006203474;0.8356079404
3306;0;1347;0;0.8356079404
3307;0;1347;0;0.8356079404
3308;1;1348;0.0006203474;0.8362282878
3309;1;1349;0.0006203474;0.8368486352
3310;2;1351;0.0012406948;0.83808933
3311;0;1351;0;0.83808933
3312;0;1351;0;0.83808933
3313;1;1352;0.0006203474;0.8387096774
3314;1;1353;0.0006203474;0.8393300248
3315;0;1353;0;0.8393300248
3316;0;1353;0;0.8393300248
3317;0;1353;0;0.8393300248
3318;0;1353;0;0.8393300248
3319;0;1353;0;0.8393300248
3320;1;1354;0.0006203474;0.8399503722
3321;0;1354;0;0.8399503722
3322;0;1354;0;0.8399503722
3323;0;1354;0;0.8399503722
3324;1;1355;0.0006203474;0.8405707196
3325;3;1358;0.0018610422;0.8424317618
3326;1;1359;0.0006203474;0.8430521092
3327;0;1359;0;0.8430521092
3328;1;1360;0.0006203474;0.8436724566
3329;0;1360;0;0.8436724566
3330;4;1364;0.0024813896;0.8461538462
3331;0;1364;0;0.8461538462
3332;1;1365;0.0006203474;0.8467741935
3333;1;1366;0.0006203474;0.8473945409
3334;1;1367;0.0006203474;0.8480148883
3335;2;1369;0.0012406948;0.8492555831
3336;1;1370;0.0006203474;0.8498759305
3337;0;1370;0;0.8498759305
3338;0;1370;0;0.8498759305
3339;1;1371;0.0006203474;0.8504962779
3340;1;1372;0.0006203474;0.8511166253
3341;0;1372;0;0.8511166253
3342;0;1372;0;0.8511166253
3343;0;1372;0;0.8511166253
3344;0;1372;0;0.8511166253
3345;1;1373;0.0006203474;0.8517369727
3346;0;1373;0;0.8517369727
3347;0;1373;0;0.8517369727
3348;0;1373;0;0.8517369727
3349;0;1373;0;0.8517369727
3350;2;1375;0.0012406948;0.8529776675
3351;0;1375;0;0.8529776675
3352;1;1376;0.0006203474;0.8535980149
3353;1;1377;0.0006203474;0.8542183623
3354;0;1377;0;0.8542183623
3355;1;1378;0.0006203474;0.8548387097
3356;1;1379;0.0006203474;0.8554590571
3357;0;1379;0;0.8554590571
3358;0;1379;0;0.8554590571
3359;1;1380;0.0006203474;0.8560794045
3360;2;1382;0.0012406948;0.8573200993
3361;1;1383;0.0006203474;0.8579404467
3362;2;1385;0.0012406948;0.8591811414
3363;1;1386;0.0006203474;0.8598014888
3364;0;1386;0;0.8598014888
3365;2;1388;0.0012406948;0.8610421836
3366;0;1388;0;0.8610421836
3367;0;1388;0;0.8610421836
3368;0;1388;0;0.8610421836
3369;0;1388;0;0.8610421836
3370;0;1388;0;0.8610421836
3371;0;1388;0;0.8610421836
3372;1;1389;0.0006203474;0.861662531
3373;0;1389;0;0.861662531
3374;0;1389;0;0.861662531
3375;2;1391;0.0012406948;0.8629032258
3376;1;1392;0.0006203474;0.8635235732
3377;0;1392;0;0.8635235732
3378;0;1392;0;0.8635235732
3379;0;1392;0;0.8635235732
3380;1;1393;0.0006203474;0.8641439206
3381;1;1394;0.0006203474;0.864764268
3382;1;1395;0.0006203474;0.8653846154
3383;1;1396;0.0006203474;0.8660049628
3384;0;1396;0;0.8660049628
3385;1;1397;0.0006203474;0.8666253102
3386;0;1397;0;0.8666253102
3387;1;1398;0.0006203474;0.8672456576
3388;0;1398;0;0.8672456576
3389;1;1399;0.0006203474;0.867866005
3390;4;1403;0.0024813896;0.8703473945
3391;0;1403;0;0.8703473945
3392;1;1404;0.0006203474;0.8709677419
3393;1;1405;0.0006203474;0.8715880893
3394;0;1405;0;0.8715880893
3395;0;1405;0;0.8715880893
3396;0;1405;0;0.8715880893
3397;0;1405;0;0.8715880893
3398;0;1405;0;0.8715880893
3399;0;1405;0;0.8715880893
3400;2;1407;0.0012406948;0.8728287841
3401;0;1407;0;0.8728287841
3402;0;1407;0;0.8728287841
3403;0;1407;0;0.8728287841
3404;0;1407;0;0.8728287841
3405;2;1409;0.0012406948;0.8740694789
3406;0;1409;0;0.8740694789
3407;1;1410;0.0006203474;0.8746898263
3408;1;1411;0.0006203474;0.8753101737
3409;0;1411;0;0.8753101737
3410;2;1413;0.0012406948;0.8765508685
3411;1;1414;0.0006203474;0.8771712159
3412;1;1415;0.0006203474;0.8777915633
3413;0;1415;0;0.8777915633
3414;1;1416;0.0006203474;0.8784119107
3415;1;1417;0.0006203474;0.8790322581
3416;0;1417;0;0.8790322581
3417;0;1417;0;0.8790322581
3418;2;1419;0.0012406948;0.8802729529
3419;0;1419;0;0.8802729529
3420;3;1422;0.0018610422;0.882133995
3421;0;1422;0;0.882133995
3422;2;1424;0.0012406948;0.8833746898
3423;0;1424;0;0.8833746898
3424;0;1424;0;0.8833746898
3425;0;1424;0;0.8833746898
3426;0;1424;0;0.8833746898
3427;0;1424;0;0.8833746898
3428;0;1424;0;0.8833746898
3429;0;1424;0;0.8833746898
3430;0;1424;0;0.8833746898
3431;1;1425;0.0006203474;0.8839950372
3432;0;1425;0;0.8839950372
3433;0;1425;0;0.8839950372
3434;0;1425;0;0.8839950372
3435;1;1426;0.0006203474;0.8846153846
3436;1;1427;0.0006203474;0.885235732
3437;0;1427;0;0.885235732
3438;0;1427;0;0.885235732
3439;0;1427;0;0.885235732
3440;0;1427;0;0.885235732
3441;1;1428;0.0006203474;0.8858560794
3442;0;1428;0;0.8858560794
3443;0;1428;0;0.8858560794
3444;0;1428;0;0.8858560794
3445;0;1428;0;0.8858560794
3446;0;1428;0;0.8858560794
3447;0;1428;0;0.8858560794
3448;1;1429;0.0006203474;0.8864764268
3449;0;1429;0;0.8864764268
3450;2;1431;0.0012406948;0.8877171216
3451;0;1431;0;0.8877171216
3452;0;1431;0;0.8877171216
3453;0;1431;0;0.8877171216
3454;0;1431;0;0.8877171216
3455;1;1432;0.0006203474;0.888337469
3456;0;1432;0;0.888337469
3457;0;1432;0;0.888337469
3458;0;1432;0;0.888337469
3459;0;1432;0;0.888337469
3460;1;1433;0.0006203474;0.8889578164
3461;0;1433;0;0.8889578164
3462;0;1433;0;0.8889578164
3463;0;1433;0;0.8889578164
3464;1;1434;0.0006203474;0.8895781638
3465;1;1435;0.0006203474;0.8901985112
3466;0;1435;0;0.8901985112
3467;0;1435;0;0.8901985112
3468;0;1435;0;0.8901985112
3469;0;1435;0;0.8901985112
3470;2;1437;0.0012406948;0.891439206
3471;1;1438;0.0006203474;0.8920595533
3472;0;1438;0;0.8920595533
3473;0;1438;0;0.8920595533
3474;0;1438;0;0.8920595533
3475;2;1440;0.0012406948;0.8933002481
3476;0;1440;0;0.8933002481
3477;0;1440;0;0.8933002481
3478;0;1440;0;0.8933002481
3479;0;1440;0;0.8933002481
3480;4;1444;0.0024813896;0.8957816377
3481;0;1444;0;0.8957816377
3482;0;1444;0;0.8957816377
3483;0;1444;0;0.8957816377
3484;0;1444;0;0.8957816377
3485;0;1444;0;0.8957816377
3486;0;1444;0;0.8957816377
3487;1;1445;0.0006203474;0.8964019851
3488;0;1445;0;0.8964019851
3489;0;1445;0;0.8964019851
3490;3;1448;0.0018610422;0.8982630273
3491;0;1448;0;0.8982630273
3492;0;1448;0;0.8982630273
3493;1;1449;0.0006203474;0.8988833747
3494;1;1450;0.0006203474;0.8995037221
3495;0;1450;0;0.8995037221
3496;0;1450;0;0.8995037221
3497;1;1451;0.0006203474;0.9001240695
3498;0;1451;0;0.9001240695
3499;0;1451;0;0.9001240695
3500;2;1453;0.0012406948;0.9013647643
3501;0;1453;0;0.9013647643
3502;0;1453;0;0.9013647643
3503;0;1453;0;0.9013647643
3504;0;1453;0;0.9013647643
3505;1;1454;0.0006203474;0.9019851117
3506;0;1454;0;0.9019851117
3507;1;1455;0.0006203474;0.9026054591
3508;2;1457;0.0012406948;0.9038461538
3509;0;1457;0;0.9038461538
3510;2;1459;0.0012406948;0.9050868486
3511;0;1459;0;0.9050868486
3512;0;1459;0;0.9050868486
3513;1;1460;0.0006203474;0.905707196
3514;0;1460;0;0.905707196
3515;0;1460;0;0.905707196
3516;0;1460;0;0.905707196
3517;0;1460;0;0.905707196
3518;0;1460;0;0.905707196
3519;0;1460;0;0.905707196
3520;1;1461;0.0006203474;0.9063275434
3521;0;1461;0;0.9063275434
3522;0;1461;0;0.9063275434
3523;0;1461;0;0.9063275434
3524;0;1461;0;0.9063275434
3525;1;1462;0.0006203474;0.9069478908
3526;1;1463;0.0006203474;0.9075682382
3527;0;1463;0;0.9075682382
3528;0;1463;0;0.9075682382
3529;1;1464;0.0006203474;0.9081885856
3530;2;1466;0.0012406948;0.9094292804
3531;1;1467;0.0006203474;0.9100496278
3532;0;1467;0;0.9100496278
3533;0;1467;0;0.9100496278
3534;0;1467;0;0.9100496278
3535;0;1467;0;0.9100496278
3536;1;1468;0.0006203474;0.9106699752
3537;1;1469;0.0006203474;0.9112903226
3538;0;1469;0;0.9112903226
3539;0;1469;0;0.9112903226
3540;2;1471;0.0012406948;0.9125310174
3541;1;1472;0.0006203474;0.9131513648
3542;0;1472;0;0.9131513648
3543;0;1472;0;0.9131513648
3544;0;1472;0;0.9131513648
3545;1;1473;0.0006203474;0.9137717122
3546;0;1473;0;0.9137717122
3547;0;1473;0;0.9137717122
3548;0;1473;0;0.9137717122
3549;0;1473;0;0.9137717122
3550;0;1473;0;0.9137717122
3551;1;1474;0.0006203474;0.9143920596
3552;0;1474;0;0.9143920596
3553;1;1475;0.0006203474;0.9150124069
3554;0;1475;0;0.9150124069
3555;2;1477;0.0012406948;0.9162531017
3556;0;1477;0;0.9162531017
3557;0;1477;0;0.9162531017
3558;0;1477;0;0.9162531017
3559;0;1477;0;0.9162531017
3560;1;1478;0.0006203474;0.9168734491
3561;0;1478;0;0.9168734491
3562;0;1478;0;0.9168734491
3563;1;1479;0.0006203474;0.9174937965
3564;0;1479;0;0.9174937965
3565;2;1481;0.0012406948;0.9187344913
3566;0;1481;0;0.9187344913
3567;0;1481;0;0.9187344913
3568;0;1481;0;0.9187344913
3569;0;1481;0;0.9187344913
3570;1;1482;0.0006203474;0.9193548387
3571;0;1482;0;0.9193548387
3572;0;1482;0;0.9193548387
3573;0;1482;0;0.9193548387
3574;0;1482;0;0.9193548387
3575;1;1483;0.0006203474;0.9199751861
3576;0;1483;0;0.9199751861
3577;1;1484;0.0006203474;0.9205955335
3578;1;1485;0.0006203474;0.9212158809
3579;0;1485;0;0.9212158809
3580;0;1485;0;0.9212158809
3581;0;1485;0;0.9212158809
3582;0;1485;0;0.9212158809
3583;0;1485;0;0.9212158809
3584;0;1485;0;0.9212158809
3585;0;1485;0;0.9212158809
3586;0;1485;0;0.9212158809
3587;0;1485;0;0.9212158809
3588;0;1485;0;0.9212158809
3589;0;1485;0;0.9212158809
3590;3;1488;0.0018610422;0.9230769231
3591;0;1488;0;0.9230769231
3592;0;1488;0;0.9230769231
3593;0;1488;0;0.9230769231
3594;0;1488;0;0.9230769231
3595;1;1489;0.0006203474;0.9236972705
3596;1;1490;0.0006203474;0.9243176179
3597;0;1490;0;0.9243176179
3598;0;1490;0;0.9243176179
3599;1;1491;0.0006203474;0.9249379653
3600;3;1494;0.0018610422;0.9267990074
3601;0;1494;0;0.9267990074
3602;0;1494;0;0.9267990074
3603;0;1494;0;0.9267990074
3604;0;1494;0;0.9267990074
3605;0;1494;0;0.9267990074
3606;0;1494;0;0.9267990074
3607;0;1494;0;0.9267990074
3608;0;1494;0;0.9267990074
3609;0;1494;0;0.9267990074
3610;0;1494;0;0.9267990074
3611;0;1494;0;0.9267990074
3612;0;1494;0;0.9267990074
3613;1;1495;0.0006203474;0.9274193548
3614;0;1495;0;0.9274193548
3615;0;1495;0;0.9274193548
3616;0;1495;0;0.9274193548
3617;0;1495;0;0.9274193548
3618;0;1495;0;0.9274193548
3619;0;1495;0;0.9274193548
3620;0;1495;0;0.9274193548
3621;0;1495;0;0.9274193548
3622;0;1495;0;0.9274193548
3623;0;1495;0;0.9274193548
3624;0;1495;0;0.9274193548
3625;0;1495;0;0.9274193548
3626;0;1495;0;0.9274193548
3627;0;1495;0;0.9274193548
3628;0;1495;0;0.9274193548
3629;1;1496;0.0006203474;0.9280397022
3630;1;1497;0.0006203474;0.9286600496
3631;0;1497;0;0.9286600496
3632;1;1498;0.0006203474;0.929280397
3633;0;1498;0;0.929280397
3634;0;1498;0;0.929280397
3635;1;1499;0.0006203474;0.9299007444
3636;1;1500;0.0006203474;0.9305210918
3637;0;1500;0;0.9305210918
3638;1;1501;0.0006203474;0.9311414392
3639;0;1501;0;0.9311414392
3640;2;1503;0.0012406948;0.932382134
3641;0;1503;0;0.932382134
3642;0;1503;0;0.932382134
3643;1;1504;0.0006203474;0.9330024814
3644;0;1504;0;0.9330024814
3645;0;1504;0;0.9330024814
3646;0;1504;0;0.9330024814
3647;1;1505;0.0006203474;0.9336228288
3648;1;1506;0.0006203474;0.9342431762
3649;0;1506;0;0.9342431762
3650;0;1506;0;0.9342431762
3651;1;1507;0.0006203474;0.9348635236
3652;0;1507;0;0.9348635236
3653;0;1507;0;0.9348635236
3654;0;1507;0;0.9348635236
3655;0;1507;0;0.9348635236
3656;0;1507;0;0.9348635236
3657;0;1507;0;0.9348635236
3658;0;1507;0;0.9348635236
3659;0;1507;0;0.9348635236
3660;0;1507;0;0.9348635236
3661;0;1507;0;0.9348635236
3662;0;1507;0;0.9348635236
3663;0;1507;0;0.9348635236
3664;0;1507;0;0.9348635236
3665;0;1507;0;0.9348635236
3666;0;1507;0;0.9348635236
3667;0;1507;0;0.9348635236
3668;0;1507;0;0.9348635236
3669;0;1507;0;0.9348635236
3670;1;1508;0.0006203474;0.935483871
3671;0;1508;0;0.935483871
3672;0;1508;0;0.935483871
3673;0;1508;0;0.935483871
3674;0;1508;0;0.935483871
3675;1;1509;0.0006203474;0.9361042184
3676;0;1509;0;0.9361042184
3677;0;1509;0;0.9361042184
3678;0;1509;0;0.9361042184
3679;0;1509;0;0.9361042184
3680;0;1509;0;0.9361042184
3681;0;1509;0;0.9361042184
3682;0;1509;0;0.9361042184
3683;0;1509;0;0.9361042184
3684;1;1510;0.0006203474;0.9367245658
3685;2;1512;0.0012406948;0.9379652605
3686;0;1512;0;0.9379652605
3687;0;1512;0;0.9379652605
3688;0;1512;0;0.9379652605
3689;0;1512;0;0.9379652605
3690;1;1513;0.0006203474;0.9385856079
3691;0;1513;0;0.9385856079
3692;0;1513;0;0.9385856079
3693;0;1513;0;0.9385856079
3694;0;1513;0;0.9385856079
3695;1;1514;0.0006203474;0.9392059553
3696;0;1514;0;0.9392059553
3697;0;1514;0;0.9392059553
3698;0;1514;0;0.9392059553
3699;0;1514;0;0.9392059553
3700;0;1514;0;0.9392059553
3701;0;1514;0;0.9392059553
3702;0;1514;0;0.9392059553
3703;0;1514;0;0.9392059553
3704;0;1514;0;0.9392059553
3705;0;1514;0;0.9392059553
3706;0;1514;0;0.9392059553
3707;0;1514;0;0.9392059553
3708;0;1514;0;0.9392059553
3709;0;1514;0;0.9392059553
3710;1;1515;0.0006203474;0.9398263027
3711;0;1515;0;0.9398263027
3712;0;1515;0;0.9398263027
3713;0;1515;0;0.9398263027
3714;0;1515;0;0.9398263027
3715;1;1516;0.0006203474;0.9404466501
3716;0;1516;0;0.9404466501
3717;0;1516;0;0.9404466501
3718;0;1516;0;0.9404466501
3719;0;1516;0;0.9404466501
3720;0;1516;0;0.9404466501
3721;1;1517;0.0006203474;0.9410669975
3722;0;1517;0;0.9410669975
3723;1;1518;0.0006203474;0.9416873449
3724;1;1519;0.0006203474;0.9423076923
3725;0;1519;0;0.9423076923
3726;0;1519;0;0.9423076923
3727;0;1519;0;0.9423076923
3728;0;1519;0;0.9423076923
3729;0;1519;0;0.9423076923
3730;1;1520;0.0006203474;0.9429280397
3731;1;1521;0.0006203474;0.9435483871
3732;1;1522;0.0006203474;0.9441687345
3733;0;1522;0;0.9441687345
3734;0;1522;0;0.9441687345
3735;0;1522;0;0.9441687345
3736;0;1522;0;0.9441687345
3737;0;1522;0;0.9441687345
3738;0;1522;0;0.9441687345
3739;0;1522;0;0.9441687345
3740;1;1523;0.0006203474;0.9447890819
3741;0;1523;0;0.9447890819
3742;0;1523;0;0.9447890819
3743;0;1523;0;0.9447890819
3744;0;1523;0;0.9447890819
3745;1;1524;0.0006203474;0.9454094293
3746;0;1524;0;0.9454094293
3747;0;1524;0;0.9454094293
3748;0;1524;0;0.9454094293
3749;0;1524;0;0.9454094293
3750;2;1526;0.0012406948;0.9466501241
3751;0;1526;0;0.9466501241
3752;0;1526;0;0.9466501241
3753;0;1526;0;0.9466501241
3754;0;1526;0;0.9466501241
3755;0;1526;0;0.9466501241
3756;0;1526;0;0.9466501241
3757;0;1526;0;0.9466501241
3758;1;1527;0.0006203474;0.9472704715
3759;0;1527;0;0.9472704715
3760;0;1527;0;0.9472704715
3761;0;1527;0;0.9472704715
3762;0;1527;0;0.9472704715
3763;0;1527;0;0.9472704715
3764;0;1527;0;0.9472704715
3765;0;1527;0;0.9472704715
3766;0;1527;0;0.9472704715
3767;0;1527;0;0.9472704715
3768;0;1527;0;0.9472704715
3769;0;1527;0;0.9472704715
3770;0;1527;0;0.9472704715
3771;0;1527;0;0.9472704715
3772;1;1528;0.0006203474;0.9478908189
3773;0;1528;0;0.9478908189
3774;0;1528;0;0.9478908189
3775;0;1528;0;0.9478908189
3776;0;1528;0;0.9478908189
3777;0;1528;0;0.9478908189
3778;0;1528;0;0.9478908189
3779;0;1528;0;0.9478908189
3780;1;1529;0.0006203474;0.9485111663
3781;0;1529;0;0.9485111663
3782;0;1529;0;0.9485111663
3783;0;1529;0;0.9485111663
3784;0;1529;0;0.9485111663
3785;0;1529;0;0.9485111663
3786;0;1529;0;0.9485111663
3787;0;1529;0;0.9485111663
3788;0;1529;0;0.9485111663
3789;0;1529;0;0.9485111663
3790;1;1530;0.0006203474;0.9491315136
3791;1;1531;0.0006203474;0.949751861
3792;0;1531;0;0.949751861
3793;0;1531;0;0.949751861
3794;0;1531;0;0.949751861
3795;1;1532;0.0006203474;0.9503722084
3796;0;1532;0;0.9503722084
3797;0;1532;0;0.9503722084
3798;0;1532;0;0.9503722084
3799;0;1532;0;0.9503722084
3800;0;1532;0;0.9503722084
3801;0;1532;0;0.9503722084
3802;1;1533;0.0006203474;0.9509925558
3803;0;1533;0;0.9509925558
3804;0;1533;0;0.9509925558
3805;1;1534;0.0006203474;0.9516129032
3806;0;1534;0;0.9516129032
3807;0;1534;0;0.9516129032
3808;0;1534;0;0.9516129032
3809;0;1534;0;0.9516129032
3810;2;1536;0.0012406948;0.952853598
3811;0;1536;0;0.952853598
3812;0;1536;0;0.952853598
3813;0;1536;0;0.952853598
3814;0;1536;0;0.952853598
3815;0;1536;0;0.952853598
3816;0;1536;0;0.952853598
3817;0;1536;0;0.952853598
3818;0;1536;0;0.952853598
3819;0;1536;0;0.952853598
3820;0;1536;0;0.952853598
3821;0;1536;0;0.952853598
3822;0;1536;0;0.952853598
3823;0;1536;0;0.952853598
3824;0;1536;0;0.952853598
3825;0;1536;0;0.952853598
3826;0;1536;0;0.952853598
3827;0;1536;0;0.952853598
3828;0;1536;0;0.952853598
3829;0;1536;0;0.952853598
3830;0;1536;0;0.952853598
3831;0;1536;0;0.952853598
3832;0;1536;0;0.952853598
3833;0;1536;0;0.952853598
3834;0;1536;0;0.952853598
3835;1;1537;0.0006203474;0.9534739454
3836;0;1537;0;0.9534739454
3837;0;1537;0;0.9534739454
3838;0;1537;0;0.9534739454
3839;0;1537;0;0.9534739454
3840;2;1539;0.0012406948;0.9547146402
3841;0;1539;0;0.9547146402
3842;0;1539;0;0.9547146402
3843;1;1540;0.0006203474;0.9553349876
3844;0;1540;0;0.9553349876
3845;1;1541;0.0006203474;0.955955335
3846;0;1541;0;0.955955335
3847;1;1542;0.0006203474;0.9565756824
3848;0;1542;0;0.9565756824
3849;0;1542;0;0.9565756824
3850;1;1543;0.0006203474;0.9571960298
3851;0;1543;0;0.9571960298
3852;0;1543;0;0.9571960298
3853;0;1543;0;0.9571960298
3854;0;1543;0;0.9571960298
3855;0;1543;0;0.9571960298
3856;0;1543;0;0.9571960298
3857;0;1543;0;0.9571960298
3858;0;1543;0;0.9571960298
3859;0;1543;0;0.9571960298
3860;1;1544;0.0006203474;0.9578163772
3861;0;1544;0;0.9578163772
3862;0;1544;0;0.9578163772
3863;0;1544;0;0.9578163772
3864;0;1544;0;0.9578163772
3865;0;1544;0;0.9578163772
3866;0;1544;0;0.9578163772
3867;0;1544;0;0.9578163772
3868;0;1544;0;0.9578163772
3869;0;1544;0;0.9578163772
3870;0;1544;0;0.9578163772
3871;0;1544;0;0.9578163772
3872;0;1544;0;0.9578163772
3873;0;1544;0;0.9578163772
3874;0;1544;0;0.9578163772
3875;0;1544;0;0.9578163772
3876;0;1544;0;0.9578163772
3877;0;1544;0;0.9578163772
3878;0;1544;0;0.9578163772
3879;1;1545;0.0006203474;0.9584367246
3880;0;1545;0;0.9584367246
3881;0;1545;0;0.9584367246
3882;0;1545;0;0.9584367246
3883;0;1545;0;0.9584367246
3884;0;1545;0;0.9584367246
3885;1;1546;0.0006203474;0.959057072
3886;0;1546;0;0.959057072
3887;1;1547;0.0006203474;0.9596774194
3888;0;1547;0;0.9596774194
3889;0;1547;0;0.9596774194
3890;0;1547;0;0.9596774194
3891;0;1547;0;0.9596774194
3892;1;1548;0.0006203474;0.9602977667
3893;0;1548;0;0.9602977667
3894;0;1548;0;0.9602977667
3895;0;1548;0;0.9602977667
3896;1;1549;0.0006203474;0.9609181141
3897;0;1549;0;0.9609181141
3898;0;1549;0;0.9609181141
3899;1;1550;0.0006203474;0.9615384615
3900;0;1550;0;0.9615384615
3901;0;1550;0;0.9615384615
3902;0;1550;0;0.9615384615
3903;0;1550;0;0.9615384615
3904;0;1550;0;0.9615384615
3905;2;1552;0.0012406948;0.9627791563
3906;0;1552;0;0.9627791563
3907;0;1552;0;0.9627791563
3908;0;1552;0;0.9627791563
3909;0;1552;0;0.9627791563
3910;2;1554;0.0012406948;0.9640198511
3911;0;1554;0;0.9640198511
3912;0;1554;0;0.9640198511
3913;0;1554;0;0.9640198511
3914;0;1554;0;0.9640198511
3915;0;1554;0;0.9640198511
3916;0;1554;0;0.9640198511
3917;1;1555;0.0006203474;0.9646401985
3918;0;1555;0;0.9646401985
3919;0;1555;0;0.9646401985
3920;0;1555;0;0.9646401985
3921;1;1556;0.0006203474;0.9652605459
3922;0;1556;0;0.9652605459
3923;0;1556;0;0.9652605459
3924;0;1556;0;0.9652605459
3925;0;1556;0;0.9652605459
3926;1;1557;0.0006203474;0.9658808933
3927;1;1558;0.0006203474;0.9665012407
3928;0;1558;0;0.9665012407
3929;0;1558;0;0.9665012407
3930;0;1558;0;0.9665012407
3931;0;1558;0;0.9665012407
3932;0;1558;0;0.9665012407
3933;1;1559;0.0006203474;0.9671215881
3934;0;1559;0;0.9671215881
3935;0;1559;0;0.9671215881
3936;0;1559;0;0.9671215881
3937;0;1559;0;0.9671215881
3938;0;1559;0;0.9671215881
3939;0;1559;0;0.9671215881
3940;1;1560;0.0006203474;0.9677419355
3941;0;1560;0;0.9677419355
3942;0;1560;0;0.9677419355
3943;0;1560;0;0.9677419355
3944;0;1560;0;0.9677419355
3945;1;1561;0.0006203474;0.9683622829
3946;0;1561;0;0.9683622829
3947;0;1561;0;0.9683622829
3948;0;1561;0;0.9683622829
3949;0;1561;0;0.9683622829
3950;0;1561;0;0.9683622829
3951;0;1561;0;0.9683622829
3952;0;1561;0;0.9683622829
3953;0;1561;0;0.9683622829
3954;0;1561;0;0.9683622829
3955;0;1561;0;0.9683622829
3956;1;1562;0.0006203474;0.9689826303
3957;0;1562;0;0.9689826303
3958;0;1562;0;0.9689826303
3959;1;1563;0.0006203474;0.9696029777
3960;0;1563;0;0.9696029777
3961;0;1563;0;0.9696029777
3962;0;1563;0;0.9696029777
3963;0;1563;0;0.9696029777
3964;0;1563;0;0.9696029777
3965;1;1564;0.0006203474;0.9702233251
3966;0;1564;0;0.9702233251
3967;0;1564;0;0.9702233251
3968;0;1564;0;0.9702233251
3969;0;1564;0;0.9702233251
3970;0;1564;0;0.9702233251
3971;0;1564;0;0.9702233251
3972;0;1564;0;0.9702233251
3973;0;1564;0;0.9702233251
3974;0;1564;0;0.9702233251
3975;0;1564;0;0.9702233251
3976;0;1564;0;0.9702233251
3977;0;1564;0;0.9702233251
3978;0;1564;0;0.9702233251
3979;0;1564;0;0.9702233251
3980;1;1565;0.0006203474;0.9708436725
3981;0;1565;0;0.9708436725
3982;0;1565;0;0.9708436725
3983;0;1565;0;0.9708436725
3984;0;1565;0;0.9708436725
3985;2;1567;0.0012406948;0.9720843672
3986;0;1567;0;0.9720843672
3987;0;1567;0;0.9720843672
3988;0;1567;0;0.9720843672
3989;0;1567;0;0.9720843672
3990;2;1569;0.0012406948;0.973325062
3991;0;1569;0;0.973325062
3992;0;1569;0;0.973325062
3993;0;1569;0;0.973325062
3994;0;1569;0;0.973325062
3995;0;1569;0;0.973325062
3996;0;1569;0;0.973325062
3997;0;1569;0;0.973325062
3998;0;1569;0;0.973325062
3999;0;1569;0;0.973325062
4000;1;1570;0.0006203474;0.9739454094
4001;0;1570;0;0.9739454094
4002;0;1570;0;0.9739454094
4003;0;1570;0;0.9739454094
4004;0;1570;0;0.9739454094
4005;1;1571;0.0006203474;0.9745657568
4006;0;1571;0;0.9745657568
4007;0;1571;0;0.9745657568
4008;0;1571;0;0.9745657568
4009;0;1571;0;0.9745657568
4010;0;1571;0;0.9745657568
4011;0;1571;0;0.9745657568
4012;0;1571;0;0.9745657568
4013;0;1571;0;0.9745657568
4014;0;1571;0;0.9745657568
4015;0;1571;0;0.9745657568
4016;0;1571;0;0.9745657568
4017;0;1571;0;0.9745657568
4018;0;1571;0;0.9745657568
4019;0;1571;0;0.9745657568
4020;0;1571;0;0.9745657568
4021;0;1571;0;0.9745657568
4022;0;1571;0;0.9745657568
4023;0;1571;0;0.9745657568
4024;0;1571;0;0.9745657568
4025;0;1571;0;0.9745657568
4026;0;1571;0;0.9745657568
4027;0;1571;0;0.9745657568
4028;0;1571;0;0.9745657568
4029;0;1571;0;0.9745657568
4030;0;1571;0;0.9745657568
4031;0;1571;0;0.9745657568
4032;0;1571;0;0.9745657568
4033;0;1571;0;0.9745657568
4034;0;1571;0;0.9745657568
4035;0;1571;0;0.9745657568
4036;0;1571;0;0.9745657568
4037;0;1571;0;0.9745657568
4038;0;1571;0;0.9745657568
4039;0;1571;0;0.9745657568
4040;1;1572;0.0006203474;0.9751861042
4041;0;1572;0;0.9751861042
4042;0;1572;0;0.9751861042
4043;0;1572;0;0.9751861042
4044;0;1572;0;0.9751861042
4045;0;1572;0;0.9751861042
4046;0;1572;0;0.9751861042
4047;0;1572;0;0.9751861042
4048;0;1572;0;0.9751861042
4049;0;1572;0;0.9751861042
4050;0;1572;0;0.9751861042
4051;0;1572;0;0.9751861042
4052;0;1572;0;0.9751861042
4053;0;1572;0;0.9751861042
4054;0;1572;0;0.9751861042
4055;0;1572;0;0.9751861042
4056;0;1572;0;0.9751861042
4057;0;1572;0;0.9751861042
4058;0;1572;0;0.9751861042
4059;0;1572;0;0.9751861042
4060;0;1572;0;0.9751861042
4061;0;1572;0;0.9751861042
4062;0;1572;0;0.9751861042
4063;0;1572;0;0.9751861042
4064;0;1572;0;0.9751861042
4065;0;1572;0;0.9751861042
4066;0;1572;0;0.9751861042
4067;0;1572;0;0.9751861042
4068;0;1572;0;0.9751861042
4069;0;1572;0;0.9751861042
4070;1;1573;0.0006203474;0.9758064516
4071;0;1573;0;0.9758064516
4072;0;1573;0;0.9758064516
4073;0;1573;0;0.9758064516
4074;0;1573;0;0.9758064516
4075;1;1574;0.0006203474;0.976426799
4076;0;1574;0;0.976426799
4077;0;1574;0;0.976426799
4078;0;1574;0;0.976426799
4079;0;1574;0;0.976426799
4080;0;1574;0;0.976426799
4081;0;1574;0;0.976426799
4082;0;1574;0;0.976426799
4083;0;1574;0;0.976426799
4084;0;1574;0;0.976426799
4085;0;1574;0;0.976426799
4086;0;1574;0;0.976426799
4087;0;1574;0;0.976426799
4088;1;1575;0.0006203474;0.9770471464
4089;0;1575;0;0.9770471464
4090;0;1575;0;0.9770471464
4091;0;1575;0;0.9770471464
4092;0;1575;0;0.9770471464
4093;0;1575;0;0.9770471464
4094;0;1575;0;0.9770471464
4095;1;1576;0.0006203474;0.9776674938
4096;0;1576;0;0.9776674938
4097;1;1577;0.0006203474;0.9782878412
4098;0;1577;0;0.9782878412
4099;0;1577;0;0.9782878412
4100;0;1577;0;0.9782878412
4101;0;1577;0;0.9782878412
4102;0;1577;0;0.9782878412
4103;0;1577;0;0.9782878412
4104;0;1577;0;0.9782878412
4105;0;1577;0;0.9782878412
4106;0;1577;0;0.9782878412
4107;0;1577;0;0.9782878412
4108;0;1577;0;0.9782878412
4109;0;1577;0;0.9782878412
4110;0;1577;0;0.9782878412
4111;0;1577;0;0.9782878412
4112;0;1577;0;0.9782878412
4113;0;1577;0;0.9782878412
4114;0;1577;0;0.9782878412
4115;0;1577;0;0.9782878412
4116;0;1577;0;0.9782878412
4117;0;1577;0;0.9782878412
4118;0;1577;0;0.9782878412
4119;0;1577;0;0.9782878412
4120;1;1578;0.0006203474;0.9789081886
4121;0;1578;0;0.9789081886
4122;0;1578;0;0.9789081886
4123;0;1578;0;0.9789081886
4124;0;1578;0;0.9789081886
4125;0;1578;0;0.9789081886
4126;0;1578;0;0.9789081886
4127;0;1578;0;0.9789081886
4128;0;1578;0;0.9789081886
4129;0;1578;0;0.9789081886
4130;0;1578;0;0.9789081886
4131;0;1578;0;0.9789081886
4132;0;1578;0;0.9789081886
4133;0;1578;0;0.9789081886
4134;0;1578;0;0.9789081886
4135;0;1578;0;0.9789081886
4136;0;1578;0;0.9789081886
4137;0;1578;0;0.9789081886
4138;0;1578;0;0.9789081886
4139;0;1578;0;0.9789081886
4140;0;1578;0;0.9789081886
4141;0;1578;0;0.9789081886
4142;0;1578;0;0.9789081886
4143;0;1578;0;0.9789081886
4144;0;1578;0;0.9789081886
4145;0;1578;0;0.9789081886
4146;0;1578;0;0.9789081886
4147;0;1578;0;0.9789081886
4148;0;1578;0;0.9789081886
4149;0;1578;0;0.9789081886
4150;0;1578;0;0.9789081886
4151;0;1578;0;0.9789081886
4152;0;1578;0;0.9789081886
4153;0;1578;0;0.9789081886
4154;0;1578;0;0.9789081886
4155;0;1578;0;0.9789081886
4156;0;1578;0;0.9789081886
4157;0;1578;0;0.9789081886
4158;0;1578;0;0.9789081886
4159;1;1579;0.0006203474;0.979528536
4160;0;1579;0;0.979528536
4161;0;1579;0;0.979528536
4162;0;1579;0;0.979528536
4163;0;1579;0;0.979528536
4164;0;1579;0;0.979528536
4165;0;1579;0;0.979528536
4166;0;1579;0;0.979528536
4167;0;1579;0;0.979528536
4168;0;1579;0;0.979528536
4169;1;1580;0.0006203474;0.9801488834
4170;0;1580;0;0.9801488834
4171;0;1580;0;0.9801488834
4172;0;1580;0;0.9801488834
4173;0;1580;0;0.9801488834
4174;0;1580;0;0.9801488834
4175;0;1580;0;0.9801488834
4176;0;1580;0;0.9801488834
4177;0;1580;0;0.9801488834
4178;0;1580;0;0.9801488834
4179;0;1580;0;0.9801488834
4180;1;1581;0.0006203474;0.9807692308
4181;0;1581;0;0.9807692308
4182;0;1581;0;0.9807692308
4183;0;1581;0;0.9807692308
4184;0;1581;0;0.9807692308
4185;1;1582;0.0006203474;0.9813895782
4186;0;1582;0;0.9813895782
4187;0;1582;0;0.9813895782
4188;0;1582;0;0.9813895782
4189;0;1582;0;0.9813895782
4190;0;1582;0;0.9813895782
4191;0;1582;0;0.9813895782
4192;0;1582;0;0.9813895782
4193;0;1582;0;0.9813895782
4194;0;1582;0;0.9813895782
4195;0;1582;0;0.9813895782
4196;0;1582;0;0.9813895782
4197;0;1582;0;0.9813895782
4198;0;1582;0;0.9813895782
4199;0;1582;0;0.9813895782
4200;0;1582;0;0.9813895782
4201;0;1582;0;0.9813895782
4202;0;1582;0;0.9813895782
4203;0;1582;0;0.9813895782
4204;0;1582;0;0.9813895782
4205;0;1582;0;0.9813895782
4206;0;1582;0;0.9813895782
4207;0;1582;0;0.9813895782
4208;0;1582;0;0.9813895782
4209;0;1582;0;0.9813895782
4210;0;1582;0;0.9813895782
4211;0;1582;0;0.9813895782
4212;0;1582;0;0.9813895782
4213;0;1582;0;0.9813895782
4214;0;1582;0;0.9813895782
4215;0;1582;0;0.9813895782
4216;0;1582;0;0.9813895782
4217;0;1582;0;0.9813895782
4218;0;1582;0;0.9813895782
4219;0;1582;0;0.9813895782
4220;0;1582;0;0.9813895782
4221;0;1582;0;0.9813895782
4222;0;1582;0;0.9813895782
4223;0;1582;0;0.9813895782
4224;0;1582;0;0.9813895782
4225;0;1582;0;0.9813895782
4226;0;1582;0;0.9813895782
4227;0;1582;0;0.9813895782
4228;0;1582;0;0.9813895782
4229;0;1582;0;0.9813895782
4230;0;1582;0;0.9813895782
4231;0;1582;0;0.9813895782
4232;0;1582;0;0.9813895782
4233;0;1582;0;0.9813895782
4234;0;1582;0;0.9813895782
4235;0;1582;0;0.9813895782
4236;0;1582;0;0.9813895782
4237;0;1582;0;0.9813895782
4238;0;1582;0;0.9813895782
4239;0;1582;0;0.9813895782
4240;0;1582;0;0.9813895782
4241;0;1582;0;0.9813895782
4242;0;1582;0;0.9813895782
4243;0;1582;0;0.9813895782
4244;1;1583;0.0006203474;0.9820099256
4245;0;1583;0;0.9820099256
4246;0;1583;0;0.9820099256
4247;0;1583;0;0.9820099256
4248;0;1583;0;0.9820099256
4249;0;1583;0;0.9820099256
4250;0;1583;0;0.9820099256
4251;0;1583;0;0.9820099256
4252;0;1583;0;0.9820099256
4253;0;1583;0;0.9820099256
4254;0;1583;0;0.9820099256
4255;1;1584;0.0006203474;0.982630273
4256;0;1584;0;0.982630273
4257;0;1584;0;0.982630273
4258;1;1585;0.0006203474;0.9832506203
4259;0;1585;0;0.9832506203
4260;0;1585;0;0.9832506203
4261;0;1585;0;0.9832506203
4262;0;1585;0;0.9832506203
4263;0;1585;0;0.9832506203
4264;0;1585;0;0.9832506203
4265;0;1585;0;0.9832506203
4266;0;1585;0;0.9832506203
4267;0;1585;0;0.9832506203
4268;0;1585;0;0.9832506203
4269;0;1585;0;0.9832506203
4270;1;1586;0.0006203474;0.9838709677
4271;0;1586;0;0.9838709677
4272;0;1586;0;0.9838709677
4273;0;1586;0;0.9838709677
4274;0;1586;0;0.9838709677
4275;0;1586;0;0.9838709677
4276;0;1586;0;0.9838709677
4277;0;1586;0;0.9838709677
4278;0;1586;0;0.9838709677
4279;0;1586;0;0.9838709677
4280;0;1586;0;0.9838709677
4281;0;1586;0;0.9838709677
4282;0;1586;0;0.9838709677
4283;0;1586;0;0.9838709677
4284;0;1586;0;0.9838709677
4285;0;1586;0;0.9838709677
4286;0;1586;0;0.9838709677
4287;0;1586;0;0.9838709677
4288;0;1586;0;0.9838709677
4289;0;1586;0;0.9838709677
4290;0;1586;0;0.9838709677
4291;0;1586;0;0.9838709677
4292;0;1586;0;0.9838709677
4293;0;1586;0;0.9838709677
4294;0;1586;0;0.9838709677
4295;0;1586;0;0.9838709677
4296;0;1586;0;0.9838709677
4297;0;1586;0;0.9838709677
4298;0;1586;0;0.9838709677
4299;1;1587;0.0006203474;0.9844913151
4300;0;1587;0;0.9844913151
4301;0;1587;0;0.9844913151
4302;0;1587;0;0.9844913151
4303;0;1587;0;0.9844913151
4304;0;1587;0;0.9844913151
4305;0;1587;0;0.9844913151
4306;0;1587;0;0.9844913151
4307;0;1587;0;0.9844913151
4308;0;1587;0;0.9844913151
4309;0;1587;0;0.9844913151
4310;0;1587;0;0.9844913151
4311;0;1587;0;0.9844913151
4312;0;1587;0;0.9844913151
4313;0;1587;0;0.9844913151
4314;0;1587;0;0.9844913151
4315;0;1587;0;0.9844913151
4316;0;1587;0;0.9844913151
4317;0;1587;0;0.9844913151
4318;0;1587;0;0.9844913151
4319;0;1587;0;0.9844913151
4320;0;1587;0;0.9844913151
4321;0;1587;0;0.9844913151
4322;1;1588;0.0006203474;0.9851116625
4323;0;1588;0;0.9851116625
4324;0;1588;0;0.9851116625
4325;0;1588;0;0.9851116625
4326;0;1588;0;0.9851116625
4327;0;1588;0;0.9851116625
4328;0;1588;0;0.9851116625
4329;0;1588;0;0.9851116625
4330;0;1588;0;0.9851116625
4331;0;1588;0;0.9851116625
4332;0;1588;0;0.9851116625
4333;0;1588;0;0.9851116625
4334;0;1588;0;0.9851116625
4335;1;1589;0.0006203474;0.9857320099
4336;0;1589;0;0.9857320099
4337;0;1589;0;0.9857320099
4338;0;1589;0;0.9857320099
4339;0;1589;0;0.9857320099
4340;0;1589;0;0.9857320099
4341;0;1589;0;0.9857320099
4342;0;1589;0;0.9857320099
4343;0;1589;0;0.9857320099
4344;0;1589;0;0.9857320099
4345;0;1589;0;0.9857320099
4346;1;1590;0.0006203474;0.9863523573
4347;0;1590;0;0.9863523573
4348;0;1590;0;0.9863523573
4349;0;1590;0;0.9863523573
4350;0;1590;0;0.9863523573
4351;0;1590;0;0.9863523573
4352;0;1590;0;0.9863523573
4353;0;1590;0;0.9863523573
4354;0;1590;0;0.9863523573
4355;0;1590;0;0.9863523573
4356;0;1590;0;0.9863523573
4357;0;1590;0;0.9863523573
4358;0;1590;0;0.9863523573
4359;0;1590;0;0.9863523573
4360;0;1590;0;0.9863523573
4361;0;1590;0;0.9863523573
4362;0;1590;0;0.9863523573
4363;0;1590;0;0.9863523573
4364;0;1590;0;0.9863523573
4365;0;1590;0;0.9863523573
4366;0;1590;0;0.9863523573
4367;0;1590;0;0.9863523573
4368;0;1590;0;0.9863523573
4369;0;1590;0;0.9863523573
4370;0;1590;0;0.9863523573
4371;0;1590;0;0.9863523573
4372;0;1590;0;0.9863523573
4373;0;1590;0;0.9863523573
4374;0;1590;0;0.9863523573
4375;0;1590;0;0.9863523573
4376;0;1590;0;0.9863523573
4377;0;1590;0;0.9863523573
4378;0;1590;0;0.9863523573
4379;0;1590;0;0.9863523573
4380;0;1590;0;0.9863523573
4381;0;1590;0;0.9863523573
4382;0;1590;0;0.9863523573
4383;0;1590;0;0.9863523573
4384;0;1590;0;0.9863523573
4385;0;1590;0;0.9863523573
4386;0;1590;0;0.9863523573
4387;0;1590;0;0.9863523573
4388;0;1590;0;0.9863523573
4389;0;1590;0;0.9863523573
4390;0;1590;0;0.9863523573
4391;0;1590;0;0.9863523573
4392;0;1590;0;0.9863523573
4393;0;1590;0;0.9863523573
4394;0;1590;0;0.9863523573
4395;0;1590;0;0.9863523573
4396;0;1590;0;0.9863523573
4397;1;1591;0.0006203474;0.9869727047
4398;0;1591;0;0.9869727047
4399;0;1591;0;0.9869727047
4400;0;1591;0;0.9869727047
4401;0;1591;0;0.9869727047
4402;0;1591;0;0.9869727047
4403;0;1591;0;0.9869727047
4404;0;1591;0;0.9869727047
4405;0;1591;0;0.9869727047
4406;0;1591;0;0.9869727047
4407;0;1591;0;0.9869727047
4408;0;1591;0;0.9869727047
4409;0;1591;0;0.9869727047
4410;0;1591;0;0.9869727047
4411;0;1591;0;0.9869727047
4412;0;1591;0;0.9869727047
4413;1;1592;0.0006203474;0.9875930521
4414;0;1592;0;0.9875930521
4415;0;1592;0;0.9875930521
4416;0;1592;0;0.9875930521
4417;0;1592;0;0.9875930521
4418;0;1592;0;0.9875930521
4419;0;1592;0;0.9875930521
4420;0;1592;0;0.9875930521
4421;0;1592;0;0.9875930521
4422;0;1592;0;0.9875930521
4423;0;1592;0;0.9875930521
4424;0;1592;0;0.9875930521
4425;1;1593;0.0006203474;0.9882133995
4426;0;1593;0;0.9882133995
4427;0;1593;0;0.9882133995
4428;0;1593;0;0.9882133995
4429;0;1593;0;0.9882133995
4430;0;1593;0;0.9882133995
4431;1;1594;0.0006203474;0.9888337469
4432;0;1594;0;0.9888337469
4433;0;1594;0;0.9888337469
4434;0;1594;0;0.9888337469
4435;0;1594;0;0.9888337469
4436;0;1594;0;0.9888337469
4437;0;1594;0;0.9888337469
4438;0;1594;0;0.9888337469
4439;0;1594;0;0.9888337469
4440;0;1594;0;0.9888337469
4441;0;1594;0;0.9888337469
4442;0;1594;0;0.9888337469
4443;0;1594;0;0.9888337469
4444;0;1594;0;0.9888337469
4445;1;1595;0.0006203474;0.9894540943
4446;0;1595;0;0.9894540943
4447;0;1595;0;0.9894540943
4448;0;1595;0;0.9894540943
4449;0;1595;0;0.9894540943
4450;0;1595;0;0.9894540943
4451;0;1595;0;0.9894540943
4452;0;1595;0;0.9894540943
4453;0;1595;0;0.9894540943
4454;0;1595;0;0.9894540943
4455;0;1595;0;0.9894540943
4456;0;1595;0;0.9894540943
4457;0;1595;0;0.9894540943
4458;0;1595;0;0.9894540943
4459;0;1595;0;0.9894540943
4460;1;1596;0.0006203474;0.9900744417
4461;0;1596;0;0.9900744417
4462;0;1596;0;0.9900744417
4463;0;1596;0;0.9900744417
4464;0;1596;0;0.9900744417
4465;0;1596;0;0.9900744417
4466;0;1596;0;0.9900744417
4467;0;1596;0;0.9900744417
4468;0;1596;0;0.9900744417
4469;0;1596;0;0.9900744417
4470;0;1596;0;0.9900744417
4471;0;1596;0;0.9900744417
4472;0;1596;0;0.9900744417
4473;0;1596;0;0.9900744417
4474;0;1596;0;0.9900744417
4475;0;1596;0;0.9900744417
4476;0;1596;0;0.9900744417
4477;0;1596;0;0.9900744417
4478;1;1597;0.0006203474;0.9906947891
4479;0;1597;0;0.9906947891
4480;0;1597;0;0.9906947891
4481;0;1597;0;0.9906947891
4482;0;1597;0;0.9906947891
4483;0;1597;0;0.9906947891
4484;0;1597;0;0.9906947891
4485;0;1597;0;0.9906947891
4486;0;1597;0;0.9906947891
4487;0;1597;0;0.9906947891
4488;0;1597;0;0.9906947891
4489;0;1597;0;0.9906947891
4490;0;1597;0;0.9906947891
4491;0;1597;0;0.9906947891
4492;0;1597;0;0.9906947891
4493;0;1597;0;0.9906947891
4494;1;1598;0.0006203474;0.9913151365
4495;0;1598;0;0.9913151365
4496;0;1598;0;0.9913151365
4497;0;1598;0;0.9913151365
4498;0;1598;0;0.9913151365
4499;0;1598;0;0.9913151365
4500;0;1598;0;0.9913151365
4501;0;1598;0;0.9913151365
4502;0;1598;0;0.9913151365
4503;0;1598;0;0.9913151365
4504;0;1598;0;0.9913151365
4505;0;1598;0;0.9913151365
4506;0;1598;0;0.9913151365
4507;0;1598;0;0.9913151365
4508;0;1598;0;0.9913151365
4509;0;1598;0;0.9913151365
4510;0;1598;0;0.9913151365
4511;0;1598;0;0.9913151365
4512;0;1598;0;0.9913151365
4513;0;1598;0;0.9913151365
4514;0;1598;0;0.9913151365
4515;0;1598;0;0.9913151365
4516;0;1598;0;0.9913151365
4517;0;1598;0;0.9913151365
4518;0;1598;0;0.9913151365
4519;0;1598;0;0.9913151365
4520;0;1598;0;0.9913151365
4521;0;1598;0;0.9913151365
4522;0;1598;0;0.9913151365
4523;0;1598;0;0.9913151365
4524;0;1598;0;0.9913151365
4525;0;1598;0;0.9913151365
4526;0;1598;0;0.9913151365
4527;0;1598;0;0.9913151365
4528;0;1598;0;0.9913151365
4529;0;1598;0;0.9913151365
4530;0;1598;0;0.9913151365
4531;0;1598;0;0.9913151365
4532;0;1598;0;0.9913151365
4533;0;1598;0;0.9913151365
4534;0;1598;0;0.9913151365
4535;1;1599;0.0006203474;0.9919354839
4536;0;1599;0;0.9919354839
4537;0;1599;0;0.9919354839
4538;0;1599;0;0.9919354839
4539;0;1599;0;0.9919354839
4540;0;1599;0;0.9919354839
4541;0;1599;0;0.9919354839
4542;0;1599;0;0.9919354839
4543;0;1599;0;0.9919354839
4544;0;1599;0;0.9919354839
4545;0;1599;0;0.9919354839
4546;0;1599;0;0.9919354839
4547;0;1599;0;0.9919354839
4548;0;1599;0;0.9919354839
4549;0;1599;0;0.9919354839
4550;0;1599;0;0.9919354839
4551;0;1599;0;0.9919354839
4552;0;1599;0;0.9919354839
4553;0;1599;0;0.9919354839
4554;0;1599;0;0.9919354839
4555;0;1599;0;0.9919354839
4556;0;1599;0;0.9919354839
4557;0;1599;0;0.9919354839
4558;0;1599;0;0.9919354839
4559;0;1599;0;0.9919354839
4560;0;1599;0;0.9919354839
4561;0;1599;0;0.9919354839
4562;0;1599;0;0.9919354839
4563;0;1599;0;0.9919354839
4564;0;1599;0;0.9919354839
4565;0;1599;0;0.9919354839
4566;0;1599;0;0.9919354839
4567;0;1599;0;0.9919354839
4568;0;1599;0;0.9919354839
4569;0;1599;0;0.9919354839
4570;0;1599;0;0.9919354839
4571;0;1599;0;0.9919354839
4572;0;1599;0;0.9919354839
4573;0;1599;0;0.9919354839
4574;0;1599;0;0.9919354839
4575;0;1599;0;0.9919354839
4576;0;1599;0;0.9919354839
4577;0;1599;0;0.9919354839
4578;0;1599;0;0.9919354839
4579;0;1599;0;0.9919354839
4580;0;1599;0;0.9919354839
4581;0;1599;0;0.9919354839
4582;0;1599;0;0.9919354839
4583;0;1599;0;0.9919354839
4584;0;1599;0;0.9919354839
4585;0;1599;0;0.9919354839
4586;0;1599;0;0.9919354839
4587;0;1599;0;0.9919354839
4588;0;1599;0;0.9919354839
4589;0;1599;0;0.9919354839
4590;1;1600;0.0006203474;0.9925558313
4591;0;1600;0;0.9925558313
4592;0;1600;0;0.9925558313
4593;0;1600;0;0.9925558313
4594;0;1600;0;0.9925558313
4595;0;1600;0;0.9925558313
4596;0;1600;0;0.9925558313
4597;0;1600;0;0.9925558313
4598;0;1600;0;0.9925558313
4599;0;1600;0;0.9925558313
4600;0;1600;0;0.9925558313
4601;0;1600;0;0.9925558313
4602;0;1600;0;0.9925558313
4603;0;1600;0;0.9925558313
4604;0;1600;0;0.9925558313
4605;0;1600;0;0.9925558313
4606;0;1600;0;0.9925558313
4607;0;1600;0;0.9925558313
4608;0;1600;0;0.9925558313
4609;0;1600;0;0.9925558313
4610;0;1600;0;0.9925558313
4611;0;1600;0;0.9925558313
4612;0;1600;0;0.9925558313
4613;0;1600;0;0.9925558313
4614;0;1600;0;0.9925558313
4615;0;1600;0;0.9925558313
4616;0;1600;0;0.9925558313
4617;0;1600;0;0.9925558313
4618;0;1600;0;0.9925558313
4619;0;1600;0;0.9925558313
4620;1;1601;0.0006203474;0.9931761787
4621;0;1601;0;0.9931761787
4622;0;1601;0;0.9931761787
4623;0;1601;0;0.9931761787
4624;0;1601;0;0.9931761787
4625;0;1601;0;0.9931761787
4626;0;1601;0;0.9931761787
4627;0;1601;0;0.9931761787
4628;0;1601;0;0.9931761787
4629;0;1601;0;0.9931761787
4630;0;1601;0;0.9931761787
4631;0;1601;0;0.9931761787
4632;0;1601;0;0.9931761787
4633;0;1601;0;0.9931761787
4634;0;1601;0;0.9931761787
4635;0;1601;0;0.9931761787
4636;0;1601;0;0.9931761787
4637;0;1601;0;0.9931761787
4638;0;1601;0;0.9931761787
4639;0;1601;0;0.9931761787
4640;0;1601;0;0.9931761787
4641;0;1601;0;0.9931761787
4642;0;1601;0;0.9931761787
4643;0;1601;0;0.9931761787
4644;0;1601;0;0.9931761787
4645;0;1601;0;0.9931761787
4646;0;1601;0;0.9931761787
4647;0;1601;0;0.9931761787
4648;0;1601;0;0.9931761787
4649;0;1601;0;0.9931761787
4650;0;1601;0;0.9931761787
4651;0;1601;0;0.9931761787
4652;0;1601;0;0.9931761787
4653;0;1601;0;0.9931761787
4654;0;1601;0;0.9931761787
4655;0;1601;0;0.9931761787
4656;0;1601;0;0.9931761787
4657;0;1601;0;0.9931761787
4658;0;1601;0;0.9931761787
4659;0;1601;0;0.9931761787
4660;0;1601;0;0.9931761787
4661;1;1602;0.0006203474;0.9937965261
4662;0;1602;0;0.9937965261
4663;0;1602;0;0.9937965261
4664;0;1602;0;0.9937965261
4665;0;1602;0;0.9937965261
4666;0;1602;0;0.9937965261
4667;0;1602;0;0.9937965261
4668;0;1602;0;0.9937965261
4669;0;1602;0;0.9937965261
4670;0;1602;0;0.9937965261
4671;0;1602;0;0.9937965261
4672;0;1602;0;0.9937965261
4673;0;1602;0;0.9937965261
4674;0;1602;0;0.9937965261
4675;0;1602;0;0.9937965261
4676;0;1602;0;0.9937965261
4677;0;1602;0;0.9937965261
4678;0;1602;0;0.9937965261
4679;0;1602;0;0.9937965261
4680;0;1602;0;0.9937965261
4681;0;1602;0;0.9937965261
4682;0;1602;0;0.9937965261
4683;0;1602;0;0.9937965261
4684;0;1602;0;0.9937965261
4685;0;1602;0;0.9937965261
4686;0;1602;0;0.9937965261
4687;0;1602;0;0.9937965261
4688;0;1602;0;0.9937965261
4689;0;1602;0;0.9937965261
4690;0;1602;0;0.9937965261
4691;0;1602;0;0.9937965261
4692;0;1602;0;0.9937965261
4693;0;1602;0;0.9937965261
4694;0;1602;0;0.9937965261
4695;0;1602;0;0.9937965261
4696;0;1602;0;0.9937965261
4697;0;1602;0;0.9937965261
4698;0;1602;0;0.9937965261
4699;0;1602;0;0.9937965261
4700;0;1602;0;0.9937965261
4701;0;1602;0;0.9937965261
4702;0;1602;0;0.9937965261
4703;0;1602;0;0.9937965261
4704;0;1602;0;0.9937965261
4705;0;1602;0;0.9937965261
4706;0;1602;0;0.9937965261
4707;0;1602;0;0.9937965261
4708;0;1602;0;0.9937965261
4709;0;1602;0;0.9937965261
4710;0;1602;0;0.9937965261
4711;0;1602;0;0.9937965261
4712;0;1602;0;0.9937965261
4713;0;1602;0;0.9937965261
4714;0;1602;0;0.9937965261
4715;0;1602;0;0.9937965261
4716;0;1602;0;0.9937965261
4717;0;1602;0;0.9937965261
4718;0;1602;0;0.9937965261
4719;0;1602;0;0.9937965261
4720;0;1602;0;0.9937965261
4721;0;1602;0;0.9937965261
4722;0;1602;0;0.9937965261
4723;0;1602;0;0.9937965261
4724;0;1602;0;0.9937965261
4725;0;1602;0;0.9937965261
4726;0;1602;0;0.9937965261
4727;0;1602;0;0.9937965261
4728;0;1602;0;0.9937965261
4729;0;1602;0;0.9937965261
4730;0;1602;0;0.9937965261
4731;0;1602;0;0.9937965261
4732;0;1602;0;0.9937965261
4733;0;1602;0;0.9937965261
4734;0;1602;0;0.9937965261
4735;0;1602;0;0.9937965261
4736;1;1603;0.0006203474;0.9944168734
4737;0;1603;0;0.9944168734
4738;0;1603;0;0.9944168734
4739;0;1603;0;0.9944168734
4740;0;1603;0;0.9944168734
4741;0;1603;0;0.9944168734
4742;0;1603;0;0.9944168734
4743;0;1603;0;0.9944168734
4744;0;1603;0;0.9944168734
4745;0;1603;0;0.9944168734
4746;0;1603;0;0.9944168734
4747;0;1603;0;0.9944168734
4748;0;1603;0;0.9944168734
4749;0;1603;0;0.9944168734
4750;0;1603;0;0.9944168734
4751;0;1603;0;0.9944168734
4752;0;1603;0;0.9944168734
4753;0;1603;0;0.9944168734
4754;0;1603;0;0.9944168734
4755;0;1603;0;0.9944168734
4756;0;1603;0;0.9944168734
4757;0;1603;0;0.9944168734
4758;0;1603;0;0.9944168734
4759;0;1603;0;0.9944168734
4760;0;1603;0;0.9944168734
4761;0;1603;0;0.9944168734
4762;0;1603;0;0.9944168734
4763;0;1603;0;0.9944168734
4764;0;1603;0;0.9944168734
4765;0;1603;0;0.9944168734
4766;0;1603;0;0.9944168734
4767;0;1603;0;0.9944168734
4768;0;1603;0;0.9944168734
4769;0;1603;0;0.9944168734
4770;1;1604;0.0006203474;0.9950372208
4771;0;1604;0;0.9950372208
4772;0;1604;0;0.9950372208
4773;0;1604;0;0.9950372208
4774;0;1604;0;0.9950372208
4775;1;1605;0.0006203474;0.9956575682
4776;0;1605;0;0.9956575682
4777;0;1605;0;0.9956575682
4778;1;1606;0.0006203474;0.9962779156
4779;0;1606;0;0.9962779156
4780;0;1606;0;0.9962779156
4781;0;1606;0;0.9962779156
4782;0;1606;0;0.9962779156
4783;0;1606;0;0.9962779156
4784;0;1606;0;0.9962779156
4785;0;1606;0;0.9962779156
4786;0;1606;0;0.9962779156
4787;0;1606;0;0.9962779156
4788;0;1606;0;0.9962779156
4789;0;1606;0;0.9962779156
4790;0;1606;0;0.9962779156
4791;0;1606;0;0.9962779156
4792;0;1606;0;0.9962779156
4793;0;1606;0;0.9962779156
4794;0;1606;0;0.9962779156
4795;0;1606;0;0.9962779156
4796;0;1606;0;0.9962779156
4797;0;1606;0;0.9962779156
4798;0;1606;0;0.9962779156
4799;0;1606;0;0.9962779156
4800;0;1606;0;0.9962779156
4801;0;1606;0;0.9962779156
4802;0;1606;0;0.9962779156
4803;0;1606;0;0.9962779156
4804;0;1606;0;0.9962779156
4805;0;1606;0;0.9962779156
4806;1;1607;0.0006203474;0.996898263
4807;0;1607;0;0.996898263
4808;0;1607;0;0.996898263
4809;0;1607;0;0.996898263
4810;0;1607;0;0.996898263
4811;0;1607;0;0.996898263
4812;0;1607;0;0.996898263
4813;0;1607;0;0.996898263
4814;0;1607;0;0.996898263
4815;0;1607;0;0.996898263
4816;0;1607;0;0.996898263
4817;0;1607;0;0.996898263
4818;0;1607;0;0.996898263
4819;0;1607;0;0.996898263
4820;0;1607;0;0.996898263
4821;0;1607;0;0.996898263
4822;0;1607;0;0.996898263
4823;0;1607;0;0.996898263
4824;0;1607;0;0.996898263
4825;0;1607;0;0.996898263
4826;0;1607;0;0.996898263
4827;0;1607;0;0.996898263
4828;0;1607;0;0.996898263
4829;0;1607;0;0.996898263
4830;0;1607;0;0.996898263
4831;0;1607;0;0.996898263
4832;0;1607;0;0.996898263
4833;0;1607;0;0.996898263
4834;0;1607;0;0.996898263
4835;0;1607;0;0.996898263
4836;0;1607;0;0.996898263
4837;0;1607;0;0.996898263
4838;0;1607;0;0.996898263
4839;0;1607;0;0.996898263
4840;0;1607;0;0.996898263
4841;0;1607;0;0.996898263
4842;0;1607;0;0.996898263
4843;0;1607;0;0.996898263
4844;0;1607;0;0.996898263
4845;0;1607;0;0.996898263
4846;0;1607;0;0.996898263
4847;0;1607;0;0.996898263
4848;0;1607;0;0.996898263
4849;0;1607;0;0.996898263
4850;0;1607;0;0.996898263
4851;0;1607;0;0.996898263
4852;0;1607;0;0.996898263
4853;0;1607;0;0.996898263
4854;0;1607;0;0.996898263
4855;0;1607;0;0.996898263
4856;0;1607;0;0.996898263
4857;0;1607;0;0.996898263
4858;0;1607;0;0.996898263
4859;0;1607;0;0.996898263
4860;0;1607;0;0.996898263
4861;0;1607;0;0.996898263
4862;0;1607;0;0.996898263
4863;0;1607;0;0.996898263
4864;0;1607;0;0.996898263
4865;0;1607;0;0.996898263
4866;0;1607;0;0.996898263
4867;0;1607;0;0.996898263
4868;0;1607;0;0.996898263
4869;0;1607;0;0.996898263
4870;0;1607;0;0.996898263
4871;0;1607;0;0.996898263
4872;0;1607;0;0.996898263
4873;0;1607;0;0.996898263
4874;0;1607;0;0.996898263
4875;0;1607;0;0.996898263
4876;0;1607;0;0.996898263
4877;0;1607;0;0.996898263
4878;0;1607;0;0.996898263
4879;0;1607;0;0.996898263
4880;0;1607;0;0.996898263
4881;0;1607;0;0.996898263
4882;0;1607;0;0.996898263
4883;0;1607;0;0.996898263
4884;0;1607;0;0.996898263
4885;0;1607;0;0.996898263
4886;0;1607;0;0.996898263
4887;0;1607;0;0.996898263
4888;0;1607;0;0.996898263
4889;0;1607;0;0.996898263
4890;0;1607;0;0.996898263
4891;0;1607;0;0.996898263
4892;0;1607;0;0.996898263
4893;0;1607;0;0.996898263
4894;0;1607;0;0.996898263
4895;0;1607;0;0.996898263
4896;0;1607;0;0.996898263
4897;0;1607;0;0.996898263
4898;0;1607;0;0.996898263
4899;0;1607;0;0.996898263
4900;0;1607;0;0.996898263
4901;0;1607;0;0.996898263
4902;0;1607;0;0.996898263
4903;0;1607;0;0.996898263
4904;0;1607;0;0.996898263
4905;0;1607;0;0.996898263
4906;0;1607;0;0.996898263
4907;0;1607;0;0.996898263
4908;0;1607;0;0.996898263
4909;0;1607;0;0.996898263
4910;0;1607;0;0.996898263
4911;0;1607;0;0.996898263
4912;0;1607;0;0.996898263
4913;0;1607;0;0.996898263
4914;0;1607;0;0.996898263
4915;0;1607;0;0.996898263
4916;0;1607;0;0.996898263
4917;0;1607;0;0.996898263
4918;0;1607;0;0.996898263
4919;0;1607;0;0.996898263
4920;0;1607;0;0.996898263
4921;0;1607;0;0.996898263
4922;0;1607;0;0.996898263
4923;0;1607;0;0.996898263
4924;0;1607;0;0.996898263
4925;0;1607;0;0.996898263
4926;0;1607;0;0.996898263
4927;0;1607;0;0.996898263
4928;0;1607;0;0.996898263
4929;0;1607;0;0.996898263
4930;0;1607;0;0.996898263
4931;0;1607;0;0.996898263
4932;0;1607;0;0.996898263
4933;0;1607;0;0.996898263
4934;0;1607;0;0.996898263
4935;0;1607;0;0.996898263
4936;0;1607;0;0.996898263
4937;0;1607;0;0.996898263
4938;0;1607;0;0.996898263
4939;0;1607;0;0.996898263
4940;0;1607;0;0.996898263
4941;0;1607;0;0.996898263
4942;0;1607;0;0.996898263
4943;0;1607;0;0.996898263
4944;0;1607;0;0.996898263
4945;0;1607;0;0.996898263
4946;0;1607;0;0.996898263
4947;0;1607;0;0.996898263
4948;0;1607;0;0.996898263
4949;0;1607;0;0.996898263
4950;0;1607;0;0.996898263
4951;0;1607;0;0.996898263
4952;0;1607;0;0.996898263
4953;0;1607;0;0.996898263
4954;0;1607;0;0.996898263
4955;0;1607;0;0.996898263
4956;0;1607;0;0.996898263
4957;0;1607;0;0.996898263
4958;0;1607;0;0.996898263
4959;0;1607;0;0.996898263
4960;0;1607;0;0.996898263
4961;0;1607;0;0.996898263
4962;0;1607;0;0.996898263
4963;0;1607;0;0.996898263
4964;0;1607;0;0.996898263
4965;0;1607;0;0.996898263
4966;0;1607;0;0.996898263
4967;0;1607;0;0.996898263
4968;0;1607;0;0.996898263
4969;0;1607;0;0.996898263
4970;0;1607;0;0.996898263
4971;0;1607;0;0.996898263
4972;0;1607;0;0.996898263
4973;0;1607;0;0.996898263
4974;0;1607;0;0.996898263
4975;0;1607;0;0.996898263
4976;0;1607;0;0.996898263
4977;0;1607;0;0.996898263
4978;0;1607;0;0.996898263
4979;0;1607;0;0.996898263
4980;0;1607;0;0.996898263
4981;0;1607;0;0.996898263
4982;0;1607;0;0.996898263
4983;0;1607;0;0.996898263
4984;0;1607;0;0.996898263
4985;0;1607;0;0.996898263
4986;0;1607;0;0.996898263
4987;0;1607;0;0.996898263
4988;0;1607;0;0.996898263
4989;0;1607;0;0.996898263
4990;0;1607;0;0.996898263
4991;0;1607;0;0.996898263
4992;0;1607;0;0.996898263
4993;0;1607;0;0.996898263
4994;0;1607;0;0.996898263
4995;0;1607;0;0.996898263
4996;0;1607;0;0.996898263
4997;0;1607;0;0.996898263
4998;0;1607;0;0.996898263
4999;0;1607;0;0.996898263
5000;0;1607;0;0.996898263
5001;0;1607;0;0.996898263
5002;0;1607;0;0.996898263
5003;0;1607;0;0.996898263
5004;0;1607;0;0.996898263
5005;0;1607;0;0.996898263
5006;0;1607;0;0.996898263
5007;0;1607;0;0.996898263
5008;0;1607;0;0.996898263
5009;0;1607;0;0.996898263
5010;0;1607;0;0.996898263
5011;0;1607;0;0.996898263
5012;0;1607;0;0.996898263
5013;0;1607;0;0.996898263
5014;0;1607;0;0.996898263
5015;0;1607;0;0.996898263
5016;0;1607;0;0.996898263
5017;0;1607;0;0.996898263
5018;0;1607;0;0.996898263
5019;0;1607;0;0.996898263
5020;0;1607;0;0.996898263
5021;0;1607;0;0.996898263
5022;0;1607;0;0.996898263
5023;0;1607;0;0.996898263
5024;0;1607;0;0.996898263
5025;0;1607;0;0.996898263
5026;0;1607;0;0.996898263
5027;0;1607;0;0.996898263
5028;0;1607;0;0.996898263
5029;0;1607;0;0.996898263
5030;0;1607;0;0.996898263
5031;0;1607;0;0.996898263
5032;0;1607;0;0.996898263
5033;0;1607;0;0.996898263
5034;0;1607;0;0.996898263
5035;0;1607;0;0.996898263
5036;0;1607;0;0.996898263
5037;0;1607;0;0.996898263
5038;0;1607;0;0.996898263
5039;0;1607;0;0.996898263
5040;0;1607;0;0.996898263
5041;0;1607;0;0.996898263
5042;0;1607;0;0.996898263
5043;0;1607;0;0.996898263
5044;0;1607;0;0.996898263
5045;0;1607;0;0.996898263
5046;0;1607;0;0.996898263
5047;0;1607;0;0.996898263
5048;0;1607;0;0.996898263
5049;0;1607;0;0.996898263
5050;0;1607;0;0.996898263
5051;0;1607;0;0.996898263
5052;0;1607;0;0.996898263
5053;0;1607;0;0.996898263
5054;0;1607;0;0.996898263
5055;0;1607;0;0.996898263
5056;0;1607;0;0.996898263
5057;0;1607;0;0.996898263
5058;0;1607;0;0.996898263
5059;0;1607;0;0.996898263
5060;0;1607;0;0.996898263
5061;0;1607;0;0.996898263
5062;0;1607;0;0.996898263
5063;0;1607;0;0.996898263
5064;0;1607;0;0.996898263
5065;0;1607;0;0.996898263
5066;0;1607;0;0.996898263
5067;0;1607;0;0.996898263
5068;0;1607;0;0.996898263
5069;0;1607;0;0.996898263
5070;0;1607;0;0.996898263
5071;0;1607;0;0.996898263
5072;0;1607;0;0.996898263
5073;0;1607;0;0.996898263
5074;0;1607;0;0.996898263
5075;0;1607;0;0.996898263
5076;0;1607;0;0.996898263
5077;0;1607;0;0.996898263
5078;0;1607;0;0.996898263
5079;0;1607;0;0.996898263
5080;0;1607;0;0.996898263
5081;0;1607;0;0.996898263
5082;0;1607;0;0.996898263
5083;0;1607;0;0.996898263
5084;0;1607;0;0.996898263
5085;0;1607;0;0.996898263
5086;0;1607;0;0.996898263
5087;0;1607;0;0.996898263
5088;0;1607;0;0.996898263
5089;0;1607;0;0.996898263
5090;0;1607;0;0.996898263
5091;0;1607;0;0.996898263
5092;0;1607;0;0.996898263
5093;0;1607;0;0.996898263
5094;0;1607;0;0.996898263
5095;0;1607;0;0.996898263
5096;0;1607;0;0.996898263
5097;0;1607;0;0.996898263
5098;0;1607;0;0.996898263
5099;0;1607;0;0.996898263
5100;0;1607;0;0.996898263
5101;0;1607;0;0.996898263
5102;0;1607;0;0.996898263
5103;0;1607;0;0.996898263
5104;0;1607;0;0.996898263
5105;0;1607;0;0.996898263
5106;0;1607;0;0.996898263
5107;0;1607;0;0.996898263
5108;0;1607;0;0.996898263
5109;0;1607;0;0.996898263
5110;0;1607;0;0.996898263
5111;0;1607;0;0.996898263
5112;0;1607;0;0.996898263
5113;0;1607;0;0.996898263
5114;0;1607;0;0.996898263
5115;0;1607;0;0.996898263
5116;1;1608;0.0006203474;0.9975186104
5117;0;1608;0;0.9975186104
5118;0;1608;0;0.9975186104
5119;0;1608;0;0.9975186104
5120;0;1608;0;0.9975186104
5121;0;1608;0;0.9975186104
5122;0;1608;0;0.9975186104
5123;0;1608;0;0.9975186104
5124;0;1608;0;0.9975186104
5125;0;1608;0;0.9975186104
5126;0;1608;0;0.9975186104
5127;0;1608;0;0.9975186104
5128;0;1608;0;0.9975186104
5129;0;1608;0;0.9975186104
5130;0;1608;0;0.9975186104
5131;0;1608;0;0.9975186104
5132;0;1608;0;0.9975186104
5133;0;1608;0;0.9975186104
5134;0;1608;0;0.9975186104
5135;0;1608;0;0.9975186104
5136;0;1608;0;0.9975186104
5137;0;1608;0;0.9975186104
5138;0;1608;0;0.9975186104
5139;0;1608;0;0.9975186104
5140;0;1608;0;0.9975186104
5141;0;1608;0;0.9975186104
5142;0;1608;0;0.9975186104
5143;0;1608;0;0.9975186104
5144;0;1608;0;0.9975186104
5145;0;1608;0;0.9975186104
5146;0;1608;0;0.9975186104
5147;0;1608;0;0.9975186104
5148;0;1608;0;0.9975186104
5149;0;1608;0;0.9975186104
5150;0;1608;0;0.9975186104
5151;0;1608;0;0.9975186104
5152;0;1608;0;0.9975186104
5153;0;1608;0;0.9975186104
5154;0;1608;0;0.9975186104
5155;0;1608;0;0.9975186104
5156;0;1608;0;0.9975186104
5157;0;1608;0;0.9975186104
5158;0;1608;0;0.9975186104
5159;0;1608;0;0.9975186104
5160;0;1608;0;0.9975186104
5161;0;1608;0;0.9975186104
5162;0;1608;0;0.9975186104
5163;0;1608;0;0.9975186104
5164;0;1608;0;0.9975186104
5165;0;1608;0;0.9975186104
5166;0;1608;0;0.9975186104
5167;0;1608;0;0.9975186104
5168;0;1608;0;0.9975186104
5169;0;1608;0;0.9975186104
5170;0;1608;0;0.9975186104
5171;0;1608;0;0.9975186104
5172;0;1608;0;0.9975186104
5173;0;1608;0;0.9975186104
5174;0;1608;0;0.9975186104
5175;0;1608;0;0.9975186104
5176;0;1608;0;0.9975186104
5177;0;1608;0;0.9975186104
5178;0;1608;0;0.9975186104
5179;0;1608;0;0.9975186104
5180;0;1608;0;0.9975186104
5181;0;1608;0;0.9975186104
5182;0;1608;0;0.9975186104
5183;0;1608;0;0.9975186104
5184;0;1608;0;0.9975186104
5185;0;1608;0;0.9975186104
5186;0;1608;0;0.9975186104
5187;0;1608;0;0.9975186104
5188;0;1608;0;0.9975186104
5189;0;1608;0;0.9975186104
5190;0;1608;0;0.9975186104
5191;0;1608;0;0.9975186104
5192;0;1608;0;0.9975186104
5193;0;1608;0;0.9975186104
5194;0;1608;0;0.9975186104
5195;0;1608;0;0.9975186104
5196;0;1608;0;0.9975186104
5197;0;1608;0;0.9975186104
5198;0;1608;0;0.9975186104
5199;0;1608;0;0.9975186104
5200;0;1608;0;0.9975186104
5201;0;1608;0;0.9975186104
5202;0;1608;0;0.9975186104
5203;0;1608;0;0.9975186104
5204;0;1608;0;0.9975186104
5205;0;1608;0;0.9975186104
5206;0;1608;0;0.9975186104
5207;0;1608;0;0.9975186104
5208;0;1608;0;0.9975186104
5209;0;1608;0;0.9975186104
5210;0;1608;0;0.9975186104
5211;0;1608;0;0.9975186104
5212;0;1608;0;0.9975186104
5213;0;1608;0;0.9975186104
5214;0;1608;0;0.9975186104
5215;0;1608;0;0.9975186104
5216;0;1608;0;0.9975186104
5217;0;1608;0;0.9975186104
5218;0;1608;0;0.9975186104
5219;0;1608;0;0.9975186104
5220;0;1608;0;0.9975186104
5221;0;1608;0;0.9975186104
5222;0;1608;0;0.9975186104
5223;0;1608;0;0.9975186104
5224;0;1608;0;0.9975186104
5225;0;1608;0;0.9975186104
5226;0;1608;0;0.9975186104
5227;0;1608;0;0.9975186104
5228;0;1608;0;0.9975186104
5229;1;1609;0.0006203474;0.9981389578
5230;0;1609;0;0.9981389578
5231;0;1609;0;0.9981389578
5232;0;1609;0;0.9981389578
5233;0;1609;0;0.9981389578
5234;0;1609;0;0.9981389578
5235;0;1609;0;0.9981389578
5236;0;1609;0;0.9981389578
5237;0;1609;0;0.9981389578
5238;0;1609;0;0.9981389578
5239;0;1609;0;0.9981389578
5240;0;1609;0;0.9981389578
5241;0;1609;0;0.9981389578
5242;0;1609;0;0.9981389578
5243;0;1609;0;0.9981389578
5244;0;1609;0;0.9981389578
5245;0;1609;0;0.9981389578
5246;0;1609;0;0.9981389578
5247;0;1609;0;0.9981389578
5248;0;1609;0;0.9981389578
5249;0;1609;0;0.9981389578
5250;0;1609;0;0.9981389578
5251;0;1609;0;0.9981389578
5252;0;1609;0;0.9981389578
5253;0;1609;0;0.9981389578
5254;0;1609;0;0.9981389578
5255;0;1609;0;0.9981389578
5256;0;1609;0;0.9981389578
5257;0;1609;0;0.9981389578
5258;0;1609;0;0.9981389578
5259;0;1609;0;0.9981389578
5260;0;1609;0;0.9981389578
5261;0;1609;0;0.9981389578
5262;0;1609;0;0.9981389578
5263;0;1609;0;0.9981389578
5264;0;1609;0;0.9981389578
5265;0;1609;0;0.9981389578
5266;0;1609;0;0.9981389578
5267;0;1609;0;0.9981389578
5268;0;1609;0;0.9981389578
5269;0;1609;0;0.9981389578
5270;0;1609;0;0.9981389578
5271;0;1609;0;0.9981389578
5272;0;1609;0;0.9981389578
5273;0;1609;0;0.9981389578
5274;0;1609;0;0.9981389578
5275;0;1609;0;0.9981389578
5276;0;1609;0;0.9981389578
5277;0;1609;0;0.9981389578
5278;0;1609;0;0.9981389578
5279;0;1609;0;0.9981389578
5280;0;1609;0;0.9981389578
5281;0;1609;0;0.9981389578
5282;0;1609;0;0.9981389578
5283;0;1609;0;0.9981389578
5284;0;1609;0;0.9981389578
5285;0;1609;0;0.9981389578
5286;0;1609;0;0.9981389578
5287;0;1609;0;0.9981389578
5288;0;1609;0;0.9981389578
5289;0;1609;0;0.9981389578
5290;0;1609;0;0.9981389578
5291;0;1609;0;0.9981389578
5292;0;1609;0;0.9981389578
5293;0;1609;0;0.9981389578
5294;0;1609;0;0.9981389578
5295;0;1609;0;0.9981389578
5296;0;1609;0;0.9981389578
5297;0;1609;0;0.9981389578
5298;0;1609;0;0.9981389578
5299;0;1609;0;0.9981389578
5300;0;1609;0;0.9981389578
5301;0;1609;0;0.9981389578
5302;0;1609;0;0.9981389578
5303;0;1609;0;0.9981389578
5304;0;1609;0;0.9981389578
5305;0;1609;0;0.9981389578
5306;0;1609;0;0.9981389578
5307;0;1609;0;0.9981389578
5308;0;1609;0;0.9981389578
5309;0;1609;0;0.9981389578
5310;0;1609;0;0.9981389578
5311;0;1609;0;0.9981389578
5312;0;1609;0;0.9981389578
5313;0;1609;0;0.9981389578
5314;0;1609;0;0.9981389578
5315;0;1609;0;0.9981389578
5316;0;1609;0;0.9981389578
5317;0;1609;0;0.9981389578
5318;0;1609;0;0.9981389578
5319;0;1609;0;0.9981389578
5320;0;1609;0;0.9981389578
5321;0;1609;0;0.9981389578
5322;0;1609;0;0.9981389578
5323;0;1609;0;0.9981389578
5324;0;1609;0;0.9981389578
5325;0;1609;0;0.9981389578
5326;0;1609;0;0.9981389578
5327;0;1609;0;0.9981389578
5328;0;1609;0;0.9981389578
5329;0;1609;0;0.9981389578
5330;0;1609;0;0.9981389578
5331;0;1609;0;0.9981389578
5332;0;1609;0;0.9981389578
5333;0;1609;0;0.9981389578
5334;0;1609;0;0.9981389578
5335;0;1609;0;0.9981389578
5336;0;1609;0;0.9981389578
5337;0;1609;0;0.9981389578
5338;0;1609;0;0.9981389578
5339;0;1609;0;0.9981389578
5340;0;1609;0;0.9981389578
5341;0;1609;0;0.9981389578
5342;0;1609;0;0.9981389578
5343;0;1609;0;0.9981389578
5344;0;1609;0;0.9981389578
5345;0;1609;0;0.9981389578
5346;0;1609;0;0.9981389578
5347;0;1609;0;0.9981389578
5348;0;1609;0;0.9981389578
5349;0;1609;0;0.9981389578
5350;0;1609;0;0.9981389578
5351;0;1609;0;0.9981389578
5352;0;1609;0;0.9981389578
5353;0;1609;0;0.9981389578
5354;0;1609;0;0.9981389578
5355;0;1609;0;0.9981389578
5356;0;1609;0;0.9981389578
5357;0;1609;0;0.9981389578
5358;0;1609;0;0.9981389578
5359;0;1609;0;0.9981389578
5360;0;1609;0;0.9981389578
5361;0;1609;0;0.9981389578
5362;0;1609;0;0.9981389578
5363;0;1609;0;0.9981389578
5364;0;1609;0;0.9981389578
5365;0;1609;0;0.9981389578
5366;0;1609;0;0.9981389578
5367;0;1609;0;0.9981389578
5368;0;1609;0;0.9981389578
5369;0;1609;0;0.9981389578
5370;0;1609;0;0.9981389578
5371;0;1609;0;0.9981389578
5372;0;1609;0;0.9981389578
5373;0;1609;0;0.9981389578
5374;0;1609;0;0.9981389578
5375;0;1609;0;0.9981389578
5376;0;1609;0;0.9981389578
5377;0;1609;0;0.9981389578
5378;0;1609;0;0.9981389578
5379;0;1609;0;0.9981389578
5380;0;1609;0;0.9981389578
5381;0;1609;0;0.9981389578
5382;0;1609;0;0.9981389578
5383;0;1609;0;0.9981389578
5384;0;1609;0;0.9981389578
5385;0;1609;0;0.9981389578
5386;0;1609;0;0.9981389578
5387;0;1609;0;0.9981389578
5388;0;1609;0;0.9981389578
5389;0;1609;0;0.9981389578
5390;0;1609;0;0.9981389578
5391;0;1609;0;0.9981389578
5392;0;1609;0;0.9981389578
5393;0;1609;0;0.9981389578
5394;0;1609;0;0.9981389578
5395;0;1609;0;0.9981389578
5396;0;1609;0;0.9981389578
5397;0;1609;0;0.9981389578
5398;0;1609;0;0.9981389578
5399;0;1609;0;0.9981389578
5400;1;1610;0.0006203474;0.9987593052
5401;0;1610;0;0.9987593052
5402;0;1610;0;0.9987593052
5403;0;1610;0;0.9987593052
5404;0;1610;0;0.9987593052
5405;0;1610;0;0.9987593052
5406;0;1610;0;0.9987593052
5407;0;1610;0;0.9987593052
5408;0;1610;0;0.9987593052
5409;0;1610;0;0.9987593052
5410;0;1610;0;0.9987593052
5411;0;1610;0;0.9987593052
5412;0;1610;0;0.9987593052
5413;0;1610;0;0.9987593052
5414;0;1610;0;0.9987593052
5415;0;1610;0;0.9987593052
5416;0;1610;0;0.9987593052
5417;0;1610;0;0.9987593052
5418;0;1610;0;0.9987593052
5419;0;1610;0;0.9987593052
5420;0;1610;0;0.9987593052
5421;0;1610;0;0.9987593052
5422;0;1610;0;0.9987593052
5423;0;1610;0;0.9987593052
5424;0;1610;0;0.9987593052
5425;0;1610;0;0.9987593052
5426;0;1610;0;0.9987593052
5427;0;1610;0;0.9987593052
5428;0;1610;0;0.9987593052
5429;0;1610;0;0.9987593052
5430;0;1610;0;0.9987593052
5431;0;1610;0;0.9987593052
5432;0;1610;0;0.9987593052
5433;0;1610;0;0.9987593052
5434;0;1610;0;0.9987593052
5435;0;1610;0;0.9987593052
5436;0;1610;0;0.9987593052
5437;0;1610;0;0.9987593052
5438;0;1610;0;0.9987593052
5439;0;1610;0;0.9987593052
5440;0;1610;0;0.9987593052
5441;0;1610;0;0.9987593052
5442;0;1610;0;0.9987593052
5443;0;1610;0;0.9987593052
5444;0;1610;0;0.9987593052
5445;0;1610;0;0.9987593052
5446;0;1610;0;0.9987593052
5447;0;1610;0;0.9987593052
5448;0;1610;0;0.9987593052
5449;0;1610;0;0.9987593052
5450;0;1610;0;0.9987593052
5451;0;1610;0;0.9987593052
5452;0;1610;0;0.9987593052
5453;0;1610;0;0.9987593052
5454;0;1610;0;0.9987593052
5455;0;1610;0;0.9987593052
5456;0;1610;0;0.9987593052
5457;0;1610;0;0.9987593052
5458;0;1610;0;0.9987593052
5459;0;1610;0;0.9987593052
5460;0;1610;0;0.9987593052
5461;0;1610;0;0.9987593052
5462;0;1610;0;0.9987593052
5463;0;1610;0;0.9987593052
5464;0;1610;0;0.9987593052
5465;0;1610;0;0.9987593052
5466;0;1610;0;0.9987593052
5467;0;1610;0;0.9987593052
5468;0;1610;0;0.9987593052
5469;0;1610;0;0.9987593052
5470;0;1610;0;0.9987593052
5471;0;1610;0;0.9987593052
5472;0;1610;0;0.9987593052
5473;0;1610;0;0.9987593052
5474;0;1610;0;0.9987593052
5475;0;1610;0;0.9987593052
5476;0;1610;0;0.9987593052
5477;0;1610;0;0.9987593052
5478;0;1610;0;0.9987593052
5479;0;1610;0;0.9987593052
5480;0;1610;0;0.9987593052
5481;0;1610;0;0.9987593052
5482;0;1610;0;0.9987593052
5483;0;1610;0;0.9987593052
5484;0;1610;0;0.9987593052
5485;0;1610;0;0.9987593052
5486;0;1610;0;0.9987593052
5487;0;1610;0;0.9987593052
5488;0;1610;0;0.9987593052
5489;0;1610;0;0.9987593052
5490;0;1610;0;0.9987593052
5491;0;1610;0;0.9987593052
5492;0;1610;0;0.9987593052
5493;0;1610;0;0.9987593052
5494;0;1610;0;0.9987593052
5495;0;1610;0;0.9987593052
5496;0;1610;0;0.9987593052
5497;0;1610;0;0.9987593052
5498;0;1610;0;0.9987593052
5499;0;1610;0;0.9987593052
5500;0;1610;0;0.9987593052
5501;0;1610;0;0.9987593052
5502;0;1610;0;0.9987593052
5503;0;1610;0;0.9987593052
5504;0;1610;0;0.9987593052
5505;0;1610;0;0.9987593052
5506;0;1610;0;0.9987593052
5507;0;1610;0;0.9987593052
5508;0;1610;0;0.9987593052
5509;0;1610;0;0.9987593052
5510;0;1610;0;0.9987593052
5511;0;1610;0;0.9987593052
5512;0;1610;0;0.9987593052
5513;0;1610;0;0.9987593052
5514;0;1610;0;0.9987593052
5515;0;1610;0;0.9987593052
5516;0;1610;0;0.9987593052
5517;0;1610;0;0.9987593052
5518;0;1610;0;0.9987593052
5519;0;1610;0;0.9987593052
5520;0;1610;0;0.9987593052
5521;0;1610;0;0.9987593052
5522;0;1610;0;0.9987593052
5523;0;1610;0;0.9987593052
5524;0;1610;0;0.9987593052
5525;0;1610;0;0.9987593052
5526;0;1610;0;0.9987593052
5527;0;1610;0;0.9987593052
5528;0;1610;0;0.9987593052
5529;0;1610;0;0.9987593052
5530;0;1610;0;0.9987593052
5531;0;1610;0;0.9987593052
5532;0;1610;0;0.9987593052
5533;0;1610;0;0.9987593052
5534;0;1610;0;0.9987593052
5535;0;1610;0;0.9987593052
5536;0;1610;0;0.9987593052
5537;0;1610;0;0.9987593052
5538;0;1610;0;0.9987593052
5539;0;1610;0;0.9987593052
5540;0;1610;0;0.9987593052
5541;0;1610;0;0.9987593052
5542;0;1610;0;0.9987593052
5543;0;1610;0;0.9987593052
5544;0;1610;0;0.9987593052
5545;0;1610;0;0.9987593052
5546;0;1610;0;0.9987593052
5547;0;1610;0;0.9987593052
5548;0;1610;0;0.9987593052
5549;0;1610;0;0.9987593052
5550;0;1610;0;0.9987593052
5551;0;1610;0;0.9987593052
5552;0;1610;0;0.9987593052
5553;0;1610;0;0.9987593052
5554;0;1610;0;0.9987593052
5555;0;1610;0;0.9987593052
5556;0;1610;0;0.9987593052
5557;0;1610;0;0.9987593052
5558;0;1610;0;0.9987593052
5559;0;1610;0;0.9987593052
5560;0;1610;0;0.9987593052
5561;0;1610;0;0.9987593052
5562;0;1610;0;0.9987593052
5563;0;1610;0;0.9987593052
5564;0;1610;0;0.9987593052
5565;0;1610;0;0.9987593052
5566;0;1610;0;0.9987593052
5567;0;1610;0;0.9987593052
5568;0;1610;0;0.9987593052
5569;0;1610;0;0.9987593052
5570;0;1610;0;0.9987593052
5571;0;1610;0;0.9987593052
5572;0;1610;0;0.9987593052
5573;0;1610;0;0.9987593052
5574;0;1610;0;0.9987593052
5575;0;1610;0;0.9987593052
5576;0;1610;0;0.9987593052
5577;0;1610;0;0.9987593052
5578;0;1610;0;0.9987593052
5579;0;1610;0;0.9987593052
5580;0;1610;0;0.9987593052
5581;0;1610;0;0.9987593052
5582;0;1610;0;0.9987593052
5583;0;1610;0;0.9987593052
5584;0;1610;0;0.9987593052
5585;0;1610;0;0.9987593052
5586;0;1610;0;0.9987593052
5587;0;1610;0;0.9987593052
5588;0;1610;0;0.9987593052
5589;0;1610;0;0.9987593052
5590;0;1610;0;0.9987593052
5591;0;1610;0;0.9987593052
5592;0;1610;0;0.9987593052
5593;0;1610;0;0.9987593052
5594;0;1610;0;0.9987593052
5595;0;1610;0;0.9987593052
5596;0;1610;0;0.9987593052
5597;0;1610;0;0.9987593052
5598;0;1610;0;0.9987593052
5599;0;1610;0;0.9987593052
5600;0;1610;0;0.9987593052
5601;0;1610;0;0.9987593052
5602;0;1610;0;0.9987593052
5603;0;1610;0;0.9987593052
5604;0;1610;0;0.9987593052
5605;0;1610;0;0.9987593052
5606;0;1610;0;0.9987593052
5607;0;1610;0;0.9987593052
5608;0;1610;0;0.9987593052
5609;0;1610;0;0.9987593052
5610;0;1610;0;0.9987593052
5611;0;1610;0;0.9987593052
5612;0;1610;0;0.9987593052
5613;0;1610;0;0.9987593052
5614;0;1610;0;0.9987593052
5615;0;1610;0;0.9987593052
5616;0;1610;0;0.9987593052
5617;0;1610;0;0.9987593052
5618;0;1610;0;0.9987593052
5619;0;1610;0;0.9987593052
5620;0;1610;0;0.9987593052
5621;0;1610;0;0.9987593052
5622;0;1610;0;0.9987593052
5623;0;1610;0;0.9987593052
5624;0;1610;0;0.9987593052
5625;0;1610;0;0.9987593052
5626;0;1610;0;0.9987593052
5627;0;1610;0;0.9987593052
5628;0;1610;0;0.9987593052
5629;0;1610;0;0.9987593052
5630;0;1610;0;0.9987593052
5631;0;1610;0;0.9987593052
5632;0;1610;0;0.9987593052
5633;0;1610;0;0.9987593052
5634;0;1610;0;0.9987593052
5635;0;1610;0;0.9987593052
5636;0;1610;0;0.9987593052
5637;0;1610;0;0.9987593052
5638;0;1610;0;0.9987593052
5639;0;1610;0;0.9987593052
5640;0;1610;0;0.9987593052
5641;0;1610;0;0.9987593052
5642;0;1610;0;0.9987593052
5643;0;1610;0;0.9987593052
5644;0;1610;0;0.9987593052
5645;0;1610;0;0.9987593052
5646;0;1610;0;0.9987593052
5647;0;1610;0;0.9987593052
5648;0;1610;0;0.9987593052
5649;0;1610;0;0.9987593052
5650;0;1610;0;0.9987593052
5651;0;1610;0;0.9987593052
5652;0;1610;0;0.9987593052
5653;0;1610;0;0.9987593052
5654;0;1610;0;0.9987593052
5655;0;1610;0;0.9987593052
5656;0;1610;0;0.9987593052
5657;0;1610;0;0.9987593052
5658;0;1610;0;0.9987593052
5659;0;1610;0;0.9987593052
5660;0;1610;0;0.9987593052
5661;0;1610;0;0.9987593052
5662;0;1610;0;0.9987593052
5663;0;1610;0;0.9987593052
5664;0;1610;0;0.9987593052
5665;0;1610;0;0.9987593052
5666;0;1610;0;0.9987593052
5667;0;1610;0;0.9987593052
5668;0;1610;0;0.9987593052
5669;0;1610;0;0.9987593052
5670;0;1610;0;0.9987593052
5671;0;1610;0;0.9987593052
5672;0;1610;0;0.9987593052
5673;0;1610;0;0.9987593052
5674;0;1610;0;0.9987593052
5675;0;1610;0;0.9987593052
5676;0;1610;0;0.9987593052
5677;0;1610;0;0.9987593052
5678;0;1610;0;0.9987593052
5679;0;1610;0;0.9987593052
5680;0;1610;0;0.9987593052
5681;0;1610;0;0.9987593052
5682;0;1610;0;0.9987593052
5683;0;1610;0;0.9987593052
5684;0;1610;0;0.9987593052
5685;0;1610;0;0.9987593052
5686;0;1610;0;0.9987593052
5687;0;1610;0;0.9987593052
5688;0;1610;0;0.9987593052
5689;0;1610;0;0.9987593052
5690;0;1610;0;0.9987593052
5691;0;1610;0;0.9987593052
5692;0;1610;0;0.9987593052
5693;0;1610;0;0.9987593052
5694;0;1610;0;0.9987593052
5695;0;1610;0;0.9987593052
5696;0;1610;0;0.9987593052
5697;0;1610;0;0.9987593052
5698;0;1610;0;0.9987593052
5699;0;1610;0;0.9987593052
5700;0;1610;0;0.9987593052
5701;0;1610;0;0.9987593052
5702;0;1610;0;0.9987593052
5703;0;1610;0;0.9987593052
5704;0;1610;0;0.9987593052
5705;0;1610;0;0.9987593052
5706;0;1610;0;0.9987593052
5707;0;1610;0;0.9987593052
5708;0;1610;0;0.9987593052
5709;0;1610;0;0.9987593052
5710;0;1610;0;0.9987593052
5711;0;1610;0;0.9987593052
5712;0;1610;0;0.9987593052
5713;0;1610;0;0.9987593052
5714;0;1610;0;0.9987593052
5715;0;1610;0;0.9987593052
5716;0;1610;0;0.9987593052
5717;0;1610;0;0.9987593052
5718;0;1610;0;0.9987593052
5719;0;1610;0;0.9987593052
5720;0;1610;0;0.9987593052
5721;0;1610;0;0.9987593052
5722;0;1610;0;0.9987593052
5723;0;1610;0;0.9987593052
5724;0;1610;0;0.9987593052
5725;0;1610;0;0.9987593052
5726;0;1610;0;0.9987593052
5727;0;1610;0;0.9987593052
5728;0;1610;0;0.9987593052
5729;0;1610;0;0.9987593052
5730;0;1610;0;0.9987593052
5731;0;1610;0;0.9987593052
5732;0;1610;0;0.9987593052
5733;0;1610;0;0.9987593052
5734;0;1610;0;0.9987593052
5735;0;1610;0;0.9987593052
5736;0;1610;0;0.9987593052
5737;0;1610;0;0.9987593052
5738;0;1610;0;0.9987593052
5739;0;1610;0;0.9987593052
5740;0;1610;0;0.9987593052
5741;0;1610;0;0.9987593052
5742;0;1610;0;0.9987593052
5743;0;1610;0;0.9987593052
5744;0;1610;0;0.9987593052
5745;0;1610;0;0.9987593052
5746;0;1610;0;0.9987593052
5747;0;1610;0;0.9987593052
5748;0;1610;0;0.9987593052
5749;0;1610;0;0.9987593052
5750;0;1610;0;0.9987593052
5751;0;1610;0;0.9987593052
5752;0;1610;0;0.9987593052
5753;0;1610;0;0.9987593052
5754;0;1610;0;0.9987593052
5755;0;1610;0;0.9987593052
5756;0;1610;0;0.9987593052
5757;0;1610;0;0.9987593052
5758;0;1610;0;0.9987593052
5759;0;1610;0;0.9987593052
5760;0;1610;0;0.9987593052
5761;0;1610;0;0.9987593052
5762;0;1610;0;0.9987593052
5763;0;1610;0;0.9987593052
5764;0;1610;0;0.9987593052
5765;0;1610;0;0.9987593052
5766;0;1610;0;0.9987593052
5767;0;1610;0;0.9987593052
5768;0;1610;0;0.9987593052
5769;0;1610;0;0.9987593052
5770;0;1610;0;0.9987593052
5771;0;1610;0;0.9987593052
5772;0;1610;0;0.9987593052
5773;0;1610;0;0.9987593052
5774;0;1610;0;0.9987593052
5775;0;1610;0;0.9987593052
5776;0;1610;0;0.9987593052
5777;0;1610;0;0.9987593052
5778;0;1610;0;0.9987593052
5779;0;1610;0;0.9987593052
5780;0;1610;0;0.9987593052
5781;0;1610;0;0.9987593052
5782;0;1610;0;0.9987593052
5783;0;1610;0;0.9987593052
5784;0;1610;0;0.9987593052
5785;0;1610;0;0.9987593052
5786;0;1610;0;0.9987593052
5787;0;1610;0;0.9987593052
5788;0;1610;0;0.9987593052
5789;0;1610;0;0.9987593052
5790;0;1610;0;0.9987593052
5791;0;1610;0;0.9987593052
5792;0;1610;0;0.9987593052
5793;0;1610;0;0.9987593052
5794;0;1610;0;0.9987593052
5795;0;1610;0;0.9987593052
5796;0;1610;0;0.9987593052
5797;0;1610;0;0.9987593052
5798;0;1610;0;0.9987593052
5799;0;1610;0;0.9987593052
5800;0;1610;0;0.9987593052
5801;0;1610;0;0.9987593052
5802;0;1610;0;0.9987593052
5803;0;1610;0;0.9987593052
5804;0;1610;0;0.9987593052
5805;0;1610;0;0.9987593052
5806;0;1610;0;0.9987593052
5807;0;1610;0;0.9987593052
5808;0;1610;0;0.9987593052
5809;0;1610;0;0.9987593052
5810;0;1610;0;0.9987593052
5811;0;1610;0;0.9987593052
5812;0;1610;0;0.9987593052
5813;0;1610;0;0.9987593052
5814;0;1610;0;0.9987593052
5815;0;1610;0;0.9987593052
5816;0;1610;0;0.9987593052
5817;0;1610;0;0.9987593052
5818;0;1610;0;0.9987593052
5819;0;1610;0;0.9987593052
5820;0;1610;0;0.9987593052
5821;0;1610;0;0.9987593052
5822;0;1610;0;0.9987593052
5823;0;1610;0;0.9987593052
5824;0;1610;0;0.9987593052
5825;0;1610;0;0.9987593052
5826;0;1610;0;0.9987593052
5827;0;1610;0;0.9987593052
5828;0;1610;0;0.9987593052
5829;0;1610;0;0.9987593052
5830;0;1610;0;0.9987593052
5831;0;1610;0;0.9987593052
5832;0;1610;0;0.9987593052
5833;0;1610;0;0.9987593052
5834;0;1610;0;0.9987593052
5835;0;1610;0;0.9987593052
5836;0;1610;0;0.9987593052
5837;0;1610;0;0.9987593052
5838;0;1610;0;0.9987593052
5839;0;1610;0;0.9987593052
5840;0;1610;0;0.9987593052
5841;0;1610;0;0.9987593052
5842;0;1610;0;0.9987593052
5843;0;1610;0;0.9987593052
5844;0;1610;0;0.9987593052
5845;0;1610;0;0.9987593052
5846;0;1610;0;0.9987593052
5847;0;1610;0;0.9987593052
5848;0;1610;0;0.9987593052
5849;0;1610;0;0.9987593052
5850;0;1610;0;0.9987593052
5851;0;1610;0;0.9987593052
5852;0;1610;0;0.9987593052
5853;0;1610;0;0.9987593052
5854;0;1610;0;0.9987593052
5855;0;1610;0;0.9987593052
5856;0;1610;0;0.9987593052
5857;0;1610;0;0.9987593052
5858;0;1610;0;0.9987593052
5859;0;1610;0;0.9987593052
5860;0;1610;0;0.9987593052
5861;0;1610;0;0.9987593052
5862;0;1610;0;0.9987593052
5863;0;1610;0;0.9987593052
5864;0;1610;0;0.9987593052
5865;0;1610;0;0.9987593052
5866;0;1610;0;0.9987593052
5867;0;1610;0;0.9987593052
5868;0;1610;0;0.9987593052
5869;0;1610;0;0.9987593052
5870;0;1610;0;0.9987593052
5871;0;1610;0;0.9987593052
5872;0;1610;0;0.9987593052
5873;0;1610;0;0.9987593052
5874;0;1610;0;0.9987593052
5875;0;1610;0;0.9987593052
5876;0;1610;0;0.9987593052
5877;0;1610;0;0.9987593052
5878;0;1610;0;0.9987593052
5879;0;1610;0;0.9987593052
5880;0;1610;0;0.9987593052
5881;0;1610;0;0.9987593052
5882;0;1610;0;0.9987593052
5883;0;1610;0;0.9987593052
5884;0;1610;0;0.9987593052
5885;0;1610;0;0.9987593052
5886;0;1610;0;0.9987593052
5887;0;1610;0;0.9987593052
5888;0;1610;0;0.9987593052
5889;0;1610;0;0.9987593052
5890;0;1610;0;0.9987593052
5891;0;1610;0;0.9987593052
5892;0;1610;0;0.9987593052
5893;0;1610;0;0.9987593052
5894;0;1610;0;0.9987593052
5895;0;1610;0;0.9987593052
5896;0;1610;0;0.9987593052
5897;0;1610;0;0.9987593052
5898;0;1610;0;0.9987593052
5899;0;1610;0;0.9987593052
5900;0;1610;0;0.9987593052
5901;0;1610;0;0.9987593052
5902;0;1610;0;0.9987593052
5903;0;1610;0;0.9987593052
5904;0;1610;0;0.9987593052
5905;0;1610;0;0.9987593052
5906;0;1610;0;0.9987593052
5907;0;1610;0;0.9987593052
5908;0;1610;0;0.9987593052
5909;0;1610;0;0.9987593052
5910;0;1610;0;0.9987593052
5911;0;1610;0;0.9987593052
5912;0;1610;0;0.9987593052
5913;0;1610;0;0.9987593052
5914;0;1610;0;0.9987593052
5915;0;1610;0;0.9987593052
5916;0;1610;0;0.9987593052
5917;0;1610;0;0.9987593052
5918;0;1610;0;0.9987593052
5919;0;1610;0;0.9987593052
5920;0;1610;0;0.9987593052
5921;0;1610;0;0.9987593052
5922;0;1610;0;0.9987593052
5923;0;1610;0;0.9987593052
5924;0;1610;0;0.9987593052
5925;0;1610;0;0.9987593052
5926;0;1610;0;0.9987593052
5927;0;1610;0;0.9987593052
5928;0;1610;0;0.9987593052
5929;0;1610;0;0.9987593052
5930;0;1610;0;0.9987593052
5931;0;1610;0;0.9987593052
5932;0;1610;0;0.9987593052
5933;0;1610;0;0.9987593052
5934;0;1610;0;0.9987593052
5935;0;1610;0;0.9987593052
5936;0;1610;0;0.9987593052
5937;0;1610;0;0.9987593052
5938;0;1610;0;0.9987593052
5939;0;1610;0;0.9987593052
5940;0;1610;0;0.9987593052
5941;0;1610;0;0.9987593052
5942;0;1610;0;0.9987593052
5943;0;1610;0;0.9987593052
5944;0;1610;0;0.9987593052
5945;0;1610;0;0.9987593052
5946;0;1610;0;0.9987593052
5947;0;1610;0;0.9987593052
5948;0;1610;0;0.9987593052
5949;0;1610;0;0.9987593052
5950;0;1610;0;0.9987593052
5951;0;1610;0;0.9987593052
5952;0;1610;0;0.9987593052
5953;0;1610;0;0.9987593052
5954;0;1610;0;0.9987593052
5955;0;1610;0;0.9987593052
5956;0;1610;0;0.9987593052
5957;0;1610;0;0.9987593052
5958;0;1610;0;0.9987593052
5959;0;1610;0;0.9987593052
5960;0;1610;0;0.9987593052
5961;0;1610;0;0.9987593052
5962;0;1610;0;0.9987593052
5963;0;1610;0;0.9987593052
5964;0;1610;0;0.9987593052
5965;0;1610;0;0.9987593052
5966;0;1610;0;0.9987593052
5967;0;1610;0;0.9987593052
5968;0;1610;0;0.9987593052
5969;0;1610;0;0.9987593052
5970;0;1610;0;0.9987593052
5971;0;1610;0;0.9987593052
5972;0;1610;0;0.9987593052
5973;0;1610;0;0.9987593052
5974;0;1610;0;0.9987593052
5975;0;1610;0;0.9987593052
5976;0;1610;0;0.9987593052
5977;0;1610;0;0.9987593052
5978;0;1610;0;0.9987593052
5979;0;1610;0;0.9987593052
5980;0;1610;0;0.9987593052
5981;0;1610;0;0.9987593052
5982;0;1610;0;0.9987593052
5983;0;1610;0;0.9987593052
5984;0;1610;0;0.9987593052
5985;0;1610;0;0.9987593052
5986;0;1610;0;0.9987593052
5987;0;1610;0;0.9987593052
5988;0;1610;0;0.9987593052
5989;0;1610;0;0.9987593052
5990;0;1610;0;0.9987593052
5991;0;1610;0;0.9987593052
5992;0;1610;0;0.9987593052
5993;0;1610;0;0.9987593052
5994;0;1610;0;0.9987593052
5995;0;1610;0;0.9987593052
5996;0;1610;0;0.9987593052
5997;0;1610;0;0.9987593052
5998;0;1610;0;0.9987593052
5999;0;1610;0;0.9987593052
6000;0;1610;0;0.9987593052
6001;0;1610;0;0.9987593052
6002;0;1610;0;0.9987593052
6003;0;1610;0;0.9987593052
6004;0;1610;0;0.9987593052
6005;0;1610;0;0.9987593052
6006;0;1610;0;0.9987593052
6007;0;1610;0;0.9987593052
6008;0;1610;0;0.9987593052
6009;0;1610;0;0.9987593052
6010;0;1610;0;0.9987593052
6011;0;1610;0;0.9987593052
6012;0;1610;0;0.9987593052
6013;0;1610;0;0.9987593052
6014;0;1610;0;0.9987593052
6015;0;1610;0;0.9987593052
6016;0;1610;0;0.9987593052
6017;0;1610;0;0.9987593052
6018;0;1610;0;0.9987593052
6019;0;1610;0;0.9987593052
6020;0;1610;0;0.9987593052
6021;0;1610;0;0.9987593052
6022;0;1610;0;0.9987593052
6023;0;1610;0;0.9987593052
6024;0;1610;0;0.9987593052
6025;0;1610;0;0.9987593052
6026;0;1610;0;0.9987593052
6027;0;1610;0;0.9987593052
6028;0;1610;0;0.9987593052
6029;0;1610;0;0.9987593052
6030;0;1610;0;0.9987593052
6031;0;1610;0;0.9987593052
6032;0;1610;0;0.9987593052
6033;0;1610;0;0.9987593052
6034;0;1610;0;0.9987593052
6035;0;1610;0;0.9987593052
6036;0;1610;0;0.9987593052
6037;0;1610;0;0.9987593052
6038;0;1610;0;0.9987593052
6039;0;1610;0;0.9987593052
6040;0;1610;0;0.9987593052
6041;0;1610;0;0.9987593052
6042;0;1610;0;0.9987593052
6043;0;1610;0;0.9987593052
6044;0;1610;0;0.9987593052
6045;0;1610;0;0.9987593052
6046;0;1610;0;0.9987593052
6047;0;1610;0;0.9987593052
6048;0;1610;0;0.9987593052
6049;0;1610;0;0.9987593052
6050;0;1610;0;0.9987593052
6051;0;1610;0;0.9987593052
6052;0;1610;0;0.9987593052
6053;0;1610;0;0.9987593052
6054;0;1610;0;0.9987593052
6055;0;1610;0;0.9987593052
6056;0;1610;0;0.9987593052
6057;0;1610;0;0.9987593052
6058;0;1610;0;0.9987593052
6059;0;1610;0;0.9987593052
6060;0;1610;0;0.9987593052
6061;0;1610;0;0.9987593052
6062;0;1610;0;0.9987593052
6063;0;1610;0;0.9987593052
6064;0;1610;0;0.9987593052
6065;0;1610;0;0.9987593052
6066;0;1610;0;0.9987593052
6067;0;1610;0;0.9987593052
6068;0;1610;0;0.9987593052
6069;0;1610;0;0.9987593052
6070;0;1610;0;0.9987593052
6071;0;1610;0;0.9987593052
6072;0;1610;0;0.9987593052
6073;0;1610;0;0.9987593052
6074;0;1610;0;0.9987593052
6075;0;1610;0;0.9987593052
6076;0;1610;0;0.9987593052
6077;0;1610;0;0.9987593052
6078;0;1610;0;0.9987593052
6079;0;1610;0;0.9987593052
6080;0;1610;0;0.9987593052
6081;0;1610;0;0.9987593052
6082;0;1610;0;0.9987593052
6083;0;1610;0;0.9987593052
6084;0;1610;0;0.9987593052
6085;0;1610;0;0.9987593052
6086;0;1610;0;0.9987593052
6087;0;1610;0;0.9987593052
6088;0;1610;0;0.9987593052
6089;0;1610;0;0.9987593052
6090;0;1610;0;0.9987593052
6091;0;1610;0;0.9987593052
6092;0;1610;0;0.9987593052
6093;0;1610;0;0.9987593052
6094;0;1610;0;0.9987593052
6095;0;1610;0;0.9987593052
6096;0;1610;0;0.9987593052
6097;0;1610;0;0.9987593052
6098;0;1610;0;0.9987593052
6099;0;1610;0;0.9987593052
6100;0;1610;0;0.9987593052
6101;0;1610;0;0.9987593052
6102;0;1610;0;0.9987593052
6103;0;1610;0;0.9987593052
6104;0;1610;0;0.9987593052
6105;0;1610;0;0.9987593052
6106;0;1610;0;0.9987593052
6107;0;1610;0;0.9987593052
6108;0;1610;0;0.9987593052
6109;0;1610;0;0.9987593052
6110;0;1610;0;0.9987593052
6111;0;1610;0;0.9987593052
6112;0;1610;0;0.9987593052
6113;0;1610;0;0.9987593052
6114;0;1610;0;0.9987593052
6115;0;1610;0;0.9987593052
6116;0;1610;0;0.9987593052
6117;0;1610;0;0.9987593052
6118;0;1610;0;0.9987593052
6119;0;1610;0;0.9987593052
6120;0;1610;0;0.9987593052
6121;0;1610;0;0.9987593052
6122;0;1610;0;0.9987593052
6123;0;1610;0;0.9987593052
6124;0;1610;0;0.9987593052
6125;1;1611;0.0006203474;0.9993796526
6126;0;1611;0;0.9993796526
6127;0;1611;0;0.9993796526
6128;0;1611;0;0.9993796526
6129;0;1611;0;0.9993796526
6130;0;1611;0;0.9993796526
6131;0;1611;0;0.9993796526
6132;0;1611;0;0.9993796526
6133;0;1611;0;0.9993796526
6134;0;1611;0;0.9993796526
6135;0;1611;0;0.9993796526
6136;0;1611;0;0.9993796526
6137;0;1611;0;0.9993796526
6138;0;1611;0;0.9993796526
6139;0;1611;0;0.9993796526
6140;0;1611;0;0.9993796526
6141;0;1611;0;0.9993796526
6142;0;1611;0;0.9993796526
6143;0;1611;0;0.9993796526
6144;0;1611;0;0.9993796526
6145;0;1611;0;0.9993796526
6146;0;1611;0;0.9993796526
6147;0;1611;0;0.9993796526
6148;0;1611;0;0.9993796526
6149;0;1611;0;0.9993796526
6150;0;1611;0;0.9993796526
6151;0;1611;0;0.9993796526
6152;0;1611;0;0.9993796526
6153;0;1611;0;0.9993796526
6154;0;1611;0;0.9993796526
6155;0;1611;0;0.9993796526
6156;0;1611;0;0.9993796526
6157;0;1611;0;0.9993796526
6158;0;1611;0;0.9993796526
6159;0;1611;0;0.9993796526
6160;0;1611;0;0.9993796526
6161;0;1611;0;0.9993796526
6162;0;1611;0;0.9993796526
6163;0;1611;0;0.9993796526
6164;0;1611;0;0.9993796526
6165;0;1611;0;0.9993796526
6166;0;1611;0;0.9993796526
6167;0;1611;0;0.9993796526
6168;0;1611;0;0.9993796526
6169;0;1611;0;0.9993796526
6170;0;1611;0;0.9993796526
6171;0;1611;0;0.9993796526
6172;0;1611;0;0.9993796526
6173;0;1611;0;0.9993796526
6174;0;1611;0;0.9993796526
6175;0;1611;0;0.9993796526
6176;0;1611;0;0.9993796526
6177;0;1611;0;0.9993796526
6178;0;1611;0;0.9993796526
6179;0;1611;0;0.9993796526
6180;0;1611;0;0.9993796526
6181;0;1611;0;0.9993796526
6182;0;1611;0;0.9993796526
6183;0;1611;0;0.9993796526
6184;0;1611;0;0.9993796526
6185;0;1611;0;0.9993796526
6186;0;1611;0;0.9993796526
6187;0;1611;0;0.9993796526
6188;0;1611;0;0.9993796526
6189;0;1611;0;0.9993796526
6190;0;1611;0;0.9993796526
6191;0;1611;0;0.9993796526
6192;0;1611;0;0.9993796526
6193;0;1611;0;0.9993796526
6194;0;1611;0;0.9993796526
6195;0;1611;0;0.9993796526
6196;0;1611;0;0.9993796526
6197;0;1611;0;0.9993796526
6198;0;1611;0;0.9993796526
6199;0;1611;0;0.9993796526
6200;0;1611;0;0.9993796526
6201;0;1611;0;0.9993796526
6202;0;1611;0;0.9993796526
6203;0;1611;0;0.9993796526
6204;0;1611;0;0.9993796526
6205;0;1611;0;0.9993796526
6206;0;1611;0;0.9993796526
6207;0;1611;0;0.9993796526
6208;0;1611;0;0.9993796526
6209;0;1611;0;0.9993796526
6210;0;1611;0;0.9993796526
6211;0;1611;0;0.9993796526
6212;0;1611;0;0.9993796526
6213;0;1611;0;0.9993796526
6214;0;1611;0;0.9993796526
6215;0;1611;0;0.9993796526
6216;0;1611;0;0.9993796526
6217;0;1611;0;0.9993796526
6218;0;1611;0;0.9993796526
6219;0;1611;0;0.9993796526
6220;0;1611;0;0.9993796526
6221;0;1611;0;0.9993796526
6222;0;1611;0;0.9993796526
6223;0;1611;0;0.9993796526
6224;0;1611;0;0.9993796526
6225;0;1611;0;0.9993796526
6226;0;1611;0;0.9993796526
6227;0;1611;0;0.9993796526
6228;0;1611;0;0.9993796526
6229;0;1611;0;0.9993796526
6230;0;1611;0;0.9993796526
6231;0;1611;0;0.9993796526
6232;0;1611;0;0.9993796526
6233;0;1611;0;0.9993796526
6234;0;1611;0;0.9993796526
6235;0;1611;0;0.9993796526
6236;0;1611;0;0.9993796526
6237;0;1611;0;0.9993796526
6238;0;1611;0;0.9993796526
6239;0;1611;0;0.9993796526
6240;0;1611;0;0.9993796526
6241;0;1611;0;0.9993796526
6242;0;1611;0;0.9993796526
6243;0;1611;0;0.9993796526
6244;0;1611;0;0.9993796526
6245;0;1611;0;0.9993796526
6246;0;1611;0;0.9993796526
6247;0;1611;0;0.9993796526
6248;0;1611;0;0.9993796526
6249;0;1611;0;0.9993796526
6250;0;1611;0;0.9993796526
6251;0;1611;0;0.9993796526
6252;0;1611;0;0.9993796526
6253;0;1611;0;0.9993796526
6254;0;1611;0;0.9993796526
6255;0;1611;0;0.9993796526
6256;0;1611;0;0.9993796526
6257;0;1611;0;0.9993796526
6258;0;1611;0;0.9993796526
6259;0;1611;0;0.9993796526
6260;0;1611;0;0.9993796526
6261;0;1611;0;0.9993796526
6262;0;1611;0;0.9993796526
6263;0;1611;0;0.9993796526
6264;0;1611;0;0.9993796526
6265;0;1611;0;0.9993796526
6266;0;1611;0;0.9993796526
6267;0;1611;0;0.9993796526
6268;0;1611;0;0.9993796526
6269;0;1611;0;0.9993796526
6270;0;1611;0;0.9993796526
6271;0;1611;0;0.9993796526
6272;0;1611;0;0.9993796526
6273;0;1611;0;0.9993796526
6274;0;1611;0;0.9993796526
6275;0;1611;0;0.9993796526
6276;0;1611;0;0.9993796526
6277;0;1611;0;0.9993796526
6278;0;1611;0;0.9993796526
6279;0;1611;0;0.9993796526
6280;0;1611;0;0.9993796526
6281;0;1611;0;0.9993796526
6282;0;1611;0;0.9993796526
6283;0;1611;0;0.9993796526
6284;0;1611;0;0.9993796526
6285;0;1611;0;0.9993796526
6286;0;1611;0;0.9993796526
6287;0;1611;0;0.9993796526
6288;0;1611;0;0.9993796526
6289;0;1611;0;0.9993796526
6290;0;1611;0;0.9993796526
6291;0;1611;0;0.9993796526
6292;0;1611;0;0.9993796526
6293;0;1611;0;0.9993796526
6294;0;1611;0;0.9993796526
6295;0;1611;0;0.9993796526
6296;0;1611;0;0.9993796526
6297;0;1611;0;0.9993796526
6298;0;1611;0;0.9993796526
6299;0;1611;0;0.9993796526
6300;0;1611;0;0.9993796526
6301;0;1611;0;0.9993796526
6302;0;1611;0;0.9993796526
6303;0;1611;0;0.9993796526
6304;0;1611;0;0.9993796526
6305;0;1611;0;0.9993796526
6306;0;1611;0;0.9993796526
6307;0;1611;0;0.9993796526
6308;0;1611;0;0.9993796526
6309;0;1611;0;0.9993796526
6310;0;1611;0;0.9993796526
6311;0;1611;0;0.9993796526
6312;0;1611;0;0.9993796526
6313;0;1611;0;0.9993796526
6314;0;1611;0;0.9993796526
6315;0;1611;0;0.9993796526
6316;0;1611;0;0.9993796526
6317;0;1611;0;0.9993796526
6318;0;1611;0;0.9993796526
6319;0;1611;0;0.9993796526
6320;0;1611;0;0.9993796526
6321;0;1611;0;0.9993796526
6322;0;1611;0;0.9993796526
6323;0;1611;0;0.9993796526
6324;0;1611;0;0.9993796526
6325;0;1611;0;0.9993796526
6326;0;1611;0;0.9993796526
6327;0;1611;0;0.9993796526
6328;0;1611;0;0.9993796526
6329;0;1611;0;0.9993796526
6330;0;1611;0;0.9993796526
6331;0;1611;0;0.9993796526
6332;0;1611;0;0.9993796526
6333;0;1611;0;0.9993796526
6334;0;1611;0;0.9993796526
6335;0;1611;0;0.9993796526
6336;0;1611;0;0.9993796526
6337;0;1611;0;0.9993796526
6338;0;1611;0;0.9993796526
6339;0;1611;0;0.9993796526
6340;0;1611;0;0.9993796526
6341;0;1611;0;0.9993796526
6342;0;1611;0;0.9993796526
6343;0;1611;0;0.9993796526
6344;0;1611;0;0.9993796526
6345;0;1611;0;0.9993796526
6346;0;1611;0;0.9993796526
6347;0;1611;0;0.9993796526
6348;0;1611;0;0.9993796526
6349;0;1611;0;0.9993796526
6350;0;1611;0;0.9993796526
6351;0;1611;0;0.9993796526
6352;0;1611;0;0.9993796526
6353;0;1611;0;0.9993796526
6354;0;1611;0;0.9993796526
6355;0;1611;0;0.9993796526
6356;0;1611;0;0.9993796526
6357;0;1611;0;0.9993796526
6358;0;1611;0;0.9993796526
6359;0;1611;0;0.9993796526
6360;0;1611;0;0.9993796526
6361;0;1611;0;0.9993796526
6362;0;1611;0;0.9993796526
6363;0;1611;0;0.9993796526
6364;0;1611;0;0.9993796526
6365;0;1611;0;0.9993796526
6366;0;1611;0;0.9993796526
6367;0;1611;0;0.9993796526
6368;0;1611;0;0.9993796526
6369;0;1611;0;0.9993796526
6370;0;1611;0;0.9993796526
6371;0;1611;0;0.9993796526
6372;0;1611;0;0.9993796526
6373;0;1611;0;0.9993796526
6374;0;1611;0;0.9993796526
6375;0;1611;0;0.9993796526
6376;0;1611;0;0.9993796526
6377;0;1611;0;0.9993796526
6378;0;1611;0;0.9993796526
6379;0;1611;0;0.9993796526
6380;0;1611;0;0.9993796526
6381;0;1611;0;0.9993796526
6382;0;1611;0;0.9993796526
6383;0;1611;0;0.9993796526
6384;0;1611;0;0.9993796526
6385;0;1611;0;0.9993796526
6386;0;1611;0;0.9993796526
6387;0;1611;0;0.9993796526
6388;0;1611;0;0.9993796526
6389;0;1611;0;0.9993796526
6390;0;1611;0;0.9993796526
6391;0;1611;0;0.9993796526
6392;0;1611;0;0.9993796526
6393;0;1611;0;0.9993796526
6394;0;1611;0;0.9993796526
6395;0;1611;0;0.9993796526
6396;0;1611;0;0.9993796526
6397;0;1611;0;0.9993796526
6398;0;1611;0;0.9993796526
6399;0;1611;0;0.9993796526
6400;0;1611;0;0.9993796526
6401;0;1611;0;0.9993796526
6402;0;1611;0;0.9993796526
6403;0;1611;0;0.9993796526
6404;0;1611;0;0.9993796526
6405;0;1611;0;0.9993796526
6406;0;1611;0;0.9993796526
6407;0;1611;0;0.9993796526
6408;0;1611;0;0.9993796526
6409;0;1611;0;0.9993796526
6410;0;1611;0;0.9993796526
6411;0;1611;0;0.9993796526
6412;0;1611;0;0.9993796526
6413;0;1611;0;0.9993796526
6414;0;1611;0;0.9993796526
6415;0;1611;0;0.9993796526
6416;0;1611;0;0.9993796526
6417;0;1611;0;0.9993796526
6418;0;1611;0;0.9993796526
6419;0;1611;0;0.9993796526
6420;0;1611;0;0.9993796526
6421;0;1611;0;0.9993796526
6422;0;1611;0;0.9993796526
6423;0;1611;0;0.9993796526
6424;0;1611;0;0.9993796526
6425;0;1611;0;0.9993796526
6426;0;1611;0;0.9993796526
6427;0;1611;0;0.9993796526
6428;0;1611;0;0.9993796526
6429;0;1611;0;0.9993796526
6430;0;1611;0;0.9993796526
6431;0;1611;0;0.9993796526
6432;0;1611;0;0.9993796526
6433;0;1611;0;0.9993796526
6434;0;1611;0;0.9993796526
6435;0;1611;0;0.9993796526
6436;0;1611;0;0.9993796526
6437;0;1611;0;0.9993796526
6438;0;1611;0;0.9993796526
6439;0;1611;0;0.9993796526
6440;0;1611;0;0.9993796526
6441;0;1611;0;0.9993796526
6442;0;1611;0;0.9993796526
6443;0;1611;0;0.9993796526
6444;0;1611;0;0.9993796526
6445;0;1611;0;0.9993796526
6446;0;1611;0;0.9993796526
6447;0;1611;0;0.9993796526
6448;0;1611;0;0.9993796526
6449;0;1611;0;0.9993796526
6450;0;1611;0;0.9993796526
6451;0;1611;0;0.9993796526
6452;0;1611;0;0.9993796526
6453;0;1611;0;0.9993796526
6454;0;1611;0;0.9993796526
6455;0;1611;0;0.9993796526
6456;0;1611;0;0.9993796526
6457;0;1611;0;0.9993796526
6458;0;1611;0;0.9993796526
6459;0;1611;0;0.9993796526
6460;0;1611;0;0.9993796526
6461;0;1611;0;0.9993796526
6462;0;1611;0;0.9993796526
6463;0;1611;0;0.9993796526
6464;0;1611;0;0.9993796526
6465;0;1611;0;0.9993796526
6466;0;1611;0;0.9993796526
6467;0;1611;0;0.9993796526
6468;0;1611;0;0.9993796526
6469;0;1611;0;0.9993796526
6470;0;1611;0;0.9993796526
6471;0;1611;0;0.9993796526
6472;0;1611;0;0.9993796526
6473;0;1611;0;0.9993796526
6474;0;1611;0;0.9993796526
6475;0;1611;0;0.9993796526
6476;0;1611;0;0.9993796526
6477;0;1611;0;0.9993796526
6478;0;1611;0;0.9993796526
6479;0;1611;0;0.9993796526
6480;0;1611;0;0.9993796526
6481;0;1611;0;0.9993796526
6482;0;1611;0;0.9993796526
6483;0;1611;0;0.9993796526
6484;0;1611;0;0.9993796526
6485;0;1611;0;0.9993796526
6486;0;1611;0;0.9993796526
6487;0;1611;0;0.9993796526
6488;0;1611;0;0.9993796526
6489;0;1611;0;0.9993796526
6490;0;1611;0;0.9993796526
6491;0;1611;0;0.9993796526
6492;0;1611;0;0.9993796526
6493;0;1611;0;0.9993796526
6494;0;1611;0;0.9993796526
6495;0;1611;0;0.9993796526
6496;0;1611;0;0.9993796526
6497;0;1611;0;0.9993796526
6498;0;1611;0;0.9993796526
6499;0;1611;0;0.9993796526
6500;0;1611;0;0.9993796526
6501;0;1611;0;0.9993796526
6502;0;1611;0;0.9993796526
6503;0;1611;0;0.9993796526
6504;0;1611;0;0.9993796526
6505;0;1611;0;0.9993796526
6506;0;1611;0;0.9993796526
6507;0;1611;0;0.9993796526
6508;0;1611;0;0.9993796526
6509;0;1611;0;0.9993796526
6510;0;1611;0;0.9993796526
6511;0;1611;0;0.9993796526
6512;0;1611;0;0.9993796526
6513;0;1611;0;0.9993796526
6514;0;1611;0;0.9993796526
6515;0;1611;0;0.9993796526
6516;0;1611;0;0.9993796526
6517;0;1611;0;0.9993796526
6518;0;1611;0;0.9993796526
6519;0;1611;0;0.9993796526
6520;0;1611;0;0.9993796526
6521;0;1611;0;0.9993796526
6522;0;1611;0;0.9993796526
6523;0;1611;0;0.9993796526
6524;0;1611;0;0.9993796526
6525;0;1611;0;0.9993796526
6526;0;1611;0;0.9993796526
6527;0;1611;0;0.9993796526
6528;0;1611;0;0.9993796526
6529;0;1611;0;0.9993796526
6530;0;1611;0;0.9993796526
6531;0;1611;0;0.9993796526
6532;0;1611;0;0.9993796526
6533;0;1611;0;0.9993796526
6534;0;1611;0;0.9993796526
6535;0;1611;0;0.9993796526
6536;0;1611;0;0.9993796526
6537;0;1611;0;0.9993796526
6538;0;1611;0;0.9993796526
6539;0;1611;0;0.9993796526
6540;0;1611;0;0.9993796526
6541;0;1611;0;0.9993796526
6542;0;1611;0;0.9993796526
6543;0;1611;0;0.9993796526
6544;0;1611;0;0.9993796526
6545;0;1611;0;0.9993796526
6546;0;1611;0;0.9993796526
6547;0;1611;0;0.9993796526
6548;0;1611;0;0.9993796526
6549;0;1611;0;0.9993796526
6550;0;1611;0;0.9993796526
6551;0;1611;0;0.9993796526
6552;0;1611;0;0.9993796526
6553;0;1611;0;0.9993796526
6554;0;1611;0;0.9993796526
6555;0;1611;0;0.9993796526
6556;0;1611;0;0.9993796526
6557;0;1611;0;0.9993796526
6558;0;1611;0;0.9993796526
6559;0;1611;0;0.9993796526
6560;0;1611;0;0.9993796526
6561;0;1611;0;0.9993796526
6562;0;1611;0;0.9993796526
6563;0;1611;0;0.9993796526
6564;0;1611;0;0.9993796526
6565;0;1611;0;0.9993796526
6566;0;1611;0;0.9993796526
6567;0;1611;0;0.9993796526
6568;0;1611;0;0.9993796526
6569;0;1611;0;0.9993796526
6570;0;1611;0;0.9993796526
6571;0;1611;0;0.9993796526
6572;0;1611;0;0.9993796526
6573;0;1611;0;0.9993796526
6574;0;1611;0;0.9993796526
6575;0;1611;0;0.9993796526
6576;0;1611;0;0.9993796526
6577;0;1611;0;0.9993796526
6578;0;1611;0;0.9993796526
6579;0;1611;0;0.9993796526
6580;0;1611;0;0.9993796526
6581;0;1611;0;0.9993796526
6582;0;1611;0;0.9993796526
6583;0;1611;0;0.9993796526
6584;0;1611;0;0.9993796526
6585;0;1611;0;0.9993796526
6586;0;1611;0;0.9993796526
6587;0;1611;0;0.9993796526
6588;0;1611;0;0.9993796526
6589;0;1611;0;0.9993796526
6590;0;1611;0;0.9993796526
6591;0;1611;0;0.9993796526
6592;0;1611;0;0.9993796526
6593;0;1611;0;0.9993796526
6594;0;1611;0;0.9993796526
6595;0;1611;0;0.9993796526
6596;0;1611;0;0.9993796526
6597;0;1611;0;0.9993796526
6598;0;1611;0;0.9993796526
6599;0;1611;0;0.9993796526
6600;0;1611;0;0.9993796526
6601;0;1611;0;0.9993796526
6602;0;1611;0;0.9993796526
6603;0;1611;0;0.9993796526
6604;0;1611;0;0.9993796526
6605;0;1611;0;0.9993796526
6606;0;1611;0;0.9993796526
6607;0;1611;0;0.9993796526
6608;0;1611;0;0.9993796526
6609;0;1611;0;0.9993796526
6610;0;1611;0;0.9993796526
6611;0;1611;0;0.9993796526
6612;0;1611;0;0.9993796526
6613;0;1611;0;0.9993796526
6614;0;1611;0;0.9993796526
6615;0;1611;0;0.9993796526
6616;0;1611;0;0.9993796526
6617;0;1611;0;0.9993796526
6618;0;1611;0;0.9993796526
6619;0;1611;0;0.9993796526
6620;0;1611;0;0.9993796526
6621;0;1611;0;0.9993796526
6622;0;1611;0;0.9993796526
6623;0;1611;0;0.9993796526
6624;0;1611;0;0.9993796526
6625;0;1611;0;0.9993796526
6626;0;1611;0;0.9993796526
6627;0;1611;0;0.9993796526
6628;0;1611;0;0.9993796526
6629;0;1611;0;0.9993796526
6630;0;1611;0;0.9993796526
6631;0;1611;0;0.9993796526
6632;0;1611;0;0.9993796526
6633;0;1611;0;0.9993796526
6634;0;1611;0;0.9993796526
6635;0;1611;0;0.9993796526
6636;0;1611;0;0.9993796526
6637;0;1611;0;0.9993796526
6638;0;1611;0;0.9993796526
6639;0;1611;0;0.9993796526
6640;0;1611;0;0.9993796526
6641;0;1611;0;0.9993796526
6642;0;1611;0;0.9993796526
6643;0;1611;0;0.9993796526
6644;0;1611;0;0.9993796526
6645;0;1611;0;0.9993796526
6646;0;1611;0;0.9993796526
6647;0;1611;0;0.9993796526
6648;0;1611;0;0.9993796526
6649;0;1611;0;0.9993796526
6650;0;1611;0;0.9993796526
6651;0;1611;0;0.9993796526
6652;0;1611;0;0.9993796526
6653;0;1611;0;0.9993796526
6654;0;1611;0;0.9993796526
6655;0;1611;0;0.9993796526
6656;0;1611;0;0.9993796526
6657;0;1611;0;0.9993796526
6658;0;1611;0;0.9993796526
6659;0;1611;0;0.9993796526
6660;1;1612;0.0006203474;1
6661;0;1612;0;1
6662;0;1612;0;1
6663;0;1612;0;1
6664;0;1612;0;1
6665;0;1612;0;1
6666;0;1612;0;1
6667;0;1612;0;1
6668;0;1612;0;1
6669;0;1612;0;1
6670;0;1612;0;1
6671;0;1612;0;1
6672;0;1612;0;1
6673;0;1612;0;1
6674;0;1612;0;1
6675;0;1612;0;1
6676;0;1612;0;1
6677;0;1612;0;1
6678;0;1612;0;1
6679;0;1612;0;1
6680;0;1612;0;1
6681;0;1612;0;1
6682;0;1612;0;1
6683;0;1612;0;1
6684;0;1612;0;1
6685;0;1612;0;1
6686;0;1612;0;1
6687;0;1612;0;1
6688;0;1612;0;1
6689;0;1612;0;1
6690;0;1612;0;1
6691;0;1612;0;1
6692;0;1612;0;1
6693;0;1612;0;1
6694;0;1612;0;1
6695;0;1612;0;1
6696;0;1612;0;1
6697;0;1612;0;1
6698;0;1612;0;1
6699;0;1612;0;1
6700;0;1612;0;1
6701;0;1612;0;1
6702;0;1612;0;1
6703;0;1612;0;1
6704;0;1612;0;1
6705;0;1612;0;1
6706;0;1612;0;1
6707;0;1612;0;1
6708;0;1612;0;1
6709;0;1612;0;1
6710;0;1612;0;1
6711;0;1612;0;1
6712;0;1612;0;1
6713;0;1612;0;1
6714;0;1612;0;1
6715;0;1612;0;1
6716;0;1612;0;1
6717;0;1612;0;1
6718;0;1612;0;1
6719;0;1612;0;1
6720;0;1612;0;1
6721;0;1612;0;1
6722;0;1612;0;1
6723;0;1612;0;1
6724;0;1612;0;1
6725;0;1612;0;1
6726;0;1612;0;1
6727;0;1612;0;1
6728;0;1612;0;1
6729;0;1612;0;1
6730;0;1612;0;1
6731;0;1612;0;1
6732;0;1612;0;1
6733;0;1612;0;1
6734;0;1612;0;1
6735;0;1612;0;1
6736;0;1612;0;1
6737;0;1612;0;1
6738;0;1612;0;1
6739;0;1612;0;1
6740;0;1612;0;1
6741;0;1612;0;1
6742;0;1612;0;1
6743;0;1612;0;1
6744;0;1612;0;1
6745;0;1612;0;1
6746;0;1612;0;1
6747;0;1612;0;1
6748;0;1612;0;1
6749;0;1612;0;1
6750;0;1612;0;1
6751;0;1612;0;1
6752;0;1612;0;1
6753;0;1612;0;1
6754;0;1612;0;1
6755;0;1612;0;1
6756;0;1612;0;1
6757;0;1612;0;1
6758;0;1612;0;1
6759;0;1612;0;1
6760;0;1612;0;1
6761;0;1612;0;1
6762;0;1612;0;1
6763;0;1612;0;1
6764;0;1612;0;1
6765;0;1612;0;1
6766;0;1612;0;1
6767;0;1612;0;1
6768;0;1612;0;1
6769;0;1612;0;1
6770;0;1612;0;1
6771;0;1612;0;1
6772;0;1612;0;1
6773;0;1612;0;1
6774;0;1612;0;1
6775;0;1612;0;1
6776;0;1612;0;1
6777;0;1612;0;1
6778;0;1612;0;1
6779;0;1612;0;1
6780;0;1612;0;1
6781;0;1612;0;1
6782;0;1612;0;1
6783;0;1612;0;1
6784;0;1612;0;1
6785;0;1612;0;1
6786;0;1612;0;1
6787;0;1612;0;1
6788;0;1612;0;1
6789;0;1612;0;1
6790;0;1612;0;1
6791;0;1612;0;1
6792;0;1612;0;1
6793;0;1612;0;1
6794;0;1612;0;1
6795;0;1612;0;1
6796;0;1612;0;1
6797;0;1612;0;1
6798;0;1612;0;1
6799;0;1612;0;1
6800;0;1612;0;1
6801;0;1612;0;1
6802;0;1612;0;1
6803;0;1612;0;1
6804;0;1612;0;1
6805;0;1612;0;1
6806;0;1612;0;1
6807;0;1612;0;1
6808;0;1612;0;1
6809;0;1612;0;1
6810;0;1612;0;1
6811;0;1612;0;1
6812;0;1612;0;1
6813;0;1612;0;1
6814;0;1612;0;1
6815;0;1612;0;1
6816;0;1612;0;1
6817;0;1612;0;1
6818;0;1612;0;1
6819;0;1612;0;1
6820;0;1612;0;1
6821;0;1612;0;1
6822;0;1612;0;1
6823;0;1612;0;1
6824;0;1612;0;1
6825;0;1612;0;1
6826;0;1612;0;1
6827;0;1612;0;1
6828;0;1612;0;1
6829;0;1612;0;1
6830;0;1612;0;1
6831;0;1612;0;1
6832;0;1612;0;1
6833;0;1612;0;1
6834;0;1612;0;1
6835;0;1612;0;1
6836;0;1612;0;1
6837;0;1612;0;1
6838;0;1612;0;1
6839;0;1612;0;1
6840;0;1612;0;1
6841;0;1612;0;1
6842;0;1612;0;1
6843;0;1612;0;1
6844;0;1612;0;1
6845;0;1612;0;1
6846;0;1612;0;1
6847;0;1612;0;1
6848;0;1612;0;1
6849;0;1612;0;1
6850;0;1612;0;1
6851;0;1612;0;1
6852;0;1612;0;1
6853;0;1612;0;1
6854;0;1612;0;1
6855;0;1612;0;1
6856;0;1612;0;1
6857;0;1612;0;1
6858;0;1612;0;1
6859;0;1612;0;1
6860;0;1612;0;1
6861;0;1612;0;1
6862;0;1612;0;1
6863;0;1612;0;1
6864;0;1612;0;1
6865;0;1612;0;1
6866;0;1612;0;1
6867;0;1612;0;1
6868;0;1612;0;1
6869;0;1612;0;1
6870;0;1612;0;1
6871;0;1612;0;1
6872;0;1612;0;1
6873;0;1612;0;1
6874;0;1612;0;1
6875;0;1612;0;1
6876;0;1612;0;1
6877;0;1612;0;1
6878;0;1612;0;1
6879;0;1612;0;1
6880;0;1612;0;1
6881;0;1612;0;1
6882;0;1612;0;1
6883;0;1612;0;1
6884;0;1612;0;1
6885;0;1612;0;1
6886;0;1612;0;1
6887;0;1612;0;1
6888;0;1612;0;1
6889;0;1612;0;1
6890;0;1612;0;1
6891;0;1612;0;1
6892;0;1612;0;1
6893;0;1612;0;1
6894;0;1612;0;1
6895;0;1612;0;1
6896;0;1612;0;1
6897;0;1612;0;1
6898;0;1612;0;1
6899;0;1612;0;1
6900;0;1612;0;1
6901;0;1612;0;1
6902;0;1612;0;1
6903;0;1612;0;1
6904;0;1612;0;1
6905;0;1612;0;1
6906;0;1612;0;1
6907;0;1612;0;1
6908;0;1612;0;1
6909;0;1612;0;1
6910;0;1612;0;1
6911;0;1612;0;1
6912;0;1612;0;1
6913;0;1612;0;1
6914;0;1612;0;1
6915;0;1612;0;1
6916;0;1612;0;1
6917;0;1612;0;1
6918;0;1612;0;1
6919;0;1612;0;1
6920;0;1612;0;1
6921;0;1612;0;1
6922;0;1612;0;1
6923;0;1612;0;1
6924;0;1612;0;1
6925;0;1612;0;1
6926;0;1612;0;1
6927;0;1612;0;1
6928;0;1612;0;1
6929;0;1612;0;1
6930;0;1612;0;1
6931;0;1612;0;1
6932;0;1612;0;1
6933;0;1612;0;1
6934;0;1612;0;1
6935;0;1612;0;1
6936;0;1612;0;1
6937;0;1612;0;1
6938;0;1612;0;1
6939;0;1612;0;1
6940;0;1612;0;1
6941;0;1612;0;1
6942;0;1612;0;1
6943;0;1612;0;1
6944;0;1612;0;1
6945;0;1612;0;1
6946;0;1612;0;1
6947;0;1612;0;1
6948;0;1612;0;1
6949;0;1612;0;1
6950;0;1612;0;1
6951;0;1612;0;1
6952;0;1612;0;1
6953;0;1612;0;1
6954;0;1612;0;1
6955;0;1612;0;1
6956;0;1612;0;1
6957;0;1612;0;1
6958;0;1612;0;1
6959;0;1612;0;1
6960;0;1612;0;1
6961;0;1612;0;1
6962;0;1612;0;1
6963;0;1612;0;1
6964;0;1612;0;1
6965;0;1612;0;1
6966;0;1612;0;1
6967;0;1612;0;1
6968;0;1612;0;1
6969;0;1612;0;1
6970;0;1612;0;1
6971;0;1612;0;1
6972;0;1612;0;1
6973;0;1612;0;1
6974;0;1612;0;1
6975;0;1612;0;1
6976;0;1612;0;1
6977;0;1612;0;1
6978;0;1612;0;1
6979;0;1612;0;1
6980;0;1612;0;1
6981;0;1612;0;1
6982;0;1612;0;1
6983;0;1612;0;1
6984;0;1612;0;1
6985;0;1612;0;1
6986;0;1612;0;1
6987;0;1612;0;1
6988;0;1612;0;1
6989;0;1612;0;1
6990;0;1612;0;1
6991;0;1612;0;1
6992;0;1612;0;1
6993;0;1612;0;1
6994;0;1612;0;1
6995;0;1612;0;1
6996;0;1612;0;1
6997;0;1612;0;1
6998;0;1612;0;1
6999;0;1612;0;1
7000;0;1612;0;1
7001;0;1612;0;1
7002;0;1612;0;1
7003;0;1612;0;1
7004;0;1612;0;1
7005;0;1612;0;1
7006;0;1612;0;1
7007;0;1612;0;1
7008;0;1612;0;1
7009;0;1612;0;1
7010;0;1612;0;1
7011;0;1612;0;1
7012;0;1612;0;1
7013;0;1612;0;1
7014;0;1612;0;1
7015;0;1612;0;1
7016;0;1612;0;1
7017;0;1612;0;1
7018;0;1612;0;1
7019;0;1612;0;1
7020;0;1612;0;1
7021;0;1612;0;1
7022;0;1612;0;1
7023;0;1612;0;1
7024;0;1612;0;1
7025;0;1612;0;1
7026;0;1612;0;1
7027;0;1612;0;1
7028;0;1612;0;1
7029;0;1612;0;1
7030;0;1612;0;1
7031;0;1612;0;1
7032;0;1612;0;1
7033;0;1612;0;1
7034;0;1612;0;1
7035;0;1612;0;1
7036;0;1612;0;1
7037;0;1612;0;1
7038;0;1612;0;1
7039;0;1612;0;1
7040;0;1612;0;1
7041;0;1612;0;1
7042;0;1612;0;1
7043;0;1612;0;1
7044;0;1612;0;1
7045;0;1612;0;1
7046;0;1612;0;1
7047;0;1612;0;1
7048;0;1612;0;1
7049;0;1612;0;1
7050;0;1612;0;1
7051;0;1612;0;1
7052;0;1612;0;1
7053;0;1612;0;1
7054;0;1612;0;1
7055;0;1612;0;1
7056;0;1612;0;1
7057;0;1612;0;1
7058;0;1612;0;1
7059;0;1612;0;1
7060;0;1612;0;1
7061;0;1612;0;1
7062;0;1612;0;1
7063;0;1612;0;1
7064;0;1612;0;1
7065;0;1612;0;1
7066;0;1612;0;1
7067;0;1612;0;1
7068;0;1612;0;1
7069;0;1612;0;1
7070;0;1612;0;1
7071;0;1612;0;1
7072;0;1612;0;1
7073;0;1612;0;1
7074;0;1612;0;1
7075;0;1612;0;1
7076;0;1612;0;1
7077;0;1612;0;1
7078;0;1612;0;1
7079;0;1612;0;1
7080;0;1612;0;1
7081;0;1612;0;1
7082;0;1612;0;1
7083;0;1612;0;1
7084;0;1612;0;1
7085;0;1612;0;1
7086;0;1612;0;1
7087;0;1612;0;1
7088;0;1612;0;1
7089;0;1612;0;1
7090;0;1612;0;1
7091;0;1612;0;1
7092;0;1612;0;1
7093;0;1612;0;1
7094;0;1612;0;1
7095;0;1612;0;1
7096;0;1612;0;1
7097;0;1612;0;1
7098;0;1612;0;1
7099;0;1612;0;1
7100;0;1612;0;1
7101;0;1612;0;1
7102;0;1612;0;1
7103;0;1612;0;1
7104;0;1612;0;1
7105;0;1612;0;1
7106;0;1612;0;1
7107;0;1612;0;1
7108;0;1612;0;1
7109;0;1612;0;1
7110;0;1612;0;1
7111;0;1612;0;1
7112;0;1612;0;1
7113;0;1612;0;1
7114;0;1612;0;1
7115;0;1612;0;1
7116;0;1612;0;1
7117;0;1612;0;1
7118;0;1612;0;1
7119;0;1612;0;1
7120;0;1612;0;1
7121;0;1612;0;1
7122;0;1612;0;1
7123;0;1612;0;1
7124;0;1612;0;1
7125;0;1612;0;1
7126;0;1612;0;1
7127;0;1612;0;1
7128;0;1612;0;1
7129;0;1612;0;1
7130;0;1612;0;1
7131;0;1612;0;1
7132;0;1612;0;1
7133;0;1612;0;1
7134;0;1612;0;1
7135;0;1612;0;1
7136;0;1612;0;1
7137;0;1612;0;1
7138;0;1612;0;1
7139;0;1612;0;1
7140;0;1612;0;1
7141;0;1612;0;1
7142;0;1612;0;1
7143;0;1612;0;1
7144;0;1612;0;1
7145;0;1612;0;1
7146;0;1612;0;1
7147;0;1612;0;1
7148;0;1612;0;1
7149;0;1612;0;1
7150;0;1612;0;1
7151;0;1612;0;1
7152;0;1612;0;1
7153;0;1612;0;1
7154;0;1612;0;1
7155;0;1612;0;1
7156;0;1612;0;1
7157;0;1612;0;1
7158;0;1612;0;1
7159;0;1612;0;1
7160;0;1612;0;1
7161;0;1612;0;1
7162;0;1612;0;1
7163;0;1612;0;1
7164;0;1612;0;1
7165;0;1612;0;1
7166;0;1612;0;1
7167;0;1612;0;1
7168;0;1612;0;1
7169;0;1612;0;1
7170;0;1612;0;1
7171;0;1612;0;1
7172;0;1612;0;1
7173;0;1612;0;1
7174;0;1612;0;1
7175;0;1612;0;1
7176;0;1612;0;1
7177;0;1612;0;1
7178;0;1612;0;1
7179;0;1612;0;1
7180;0;1612;0;1
7181;0;1612;0;1
7182;0;1612;0;1
7183;0;1612;0;1
7184;0;1612;0;1
7185;0;1612;0;1
7186;0;1612;0;1
7187;0;1612;0;1
7188;0;1612;0;1
7189;0;1612;0;1
7190;0;1612;0;1
7191;0;1612;0;1
7192;0;1612;0;1
7193;0;1612;0;1
7194;0;1612;0;1
7195;0;1612;0;1
7196;0;1612;0;1
7197;0;1612;0;1
7198;0;1612;0;1
7199;0;1612;0;1
7200;0;1612;0;1
7201;0;1612;0;1
7202;0;1612;0;1
7203;0;1612;0;1
7204;0;1612;0;1
7205;0;1612;0;1
7206;0;1612;0;1
7207;0;1612;0;1
7208;0;1612;0;1
7209;0;1612;0;1
7210;0;1612;0;1
7211;0;1612;0;1
7212;0;1612;0;1
7213;0;1612;0;1
7214;0;1612;0;1
7215;0;1612;0;1
7216;0;1612;0;1
7217;0;1612;0;1
7218;0;1612;0;1
7219;0;1612;0;1
7220;0;1612;0;1
7221;0;1612;0;1
7222;0;1612;0;1
7223;0;1612;0;1
7224;0;1612;0;1
7225;0;1612;0;1
7226;0;1612;0;1
7227;0;1612;0;1
7228;0;1612;0;1
7229;0;1612;0;1
7230;0;1612;0;1
7231;0;1612;0;1
7232;0;1612;0;1
7233;0;1612;0;1
7234;0;1612;0;1
7235;0;1612;0;1
7236;0;1612;0;1
7237;0;1612;0;1
7238;0;1612;0;1
7239;0;1612;0;1
7240;0;1612;0;1
7241;0;1612;0;1
7242;0;1612;0;1
7243;0;1612;0;1
7244;0;1612;0;1
7245;0;1612;0;1
7246;0;1612;0;1
7247;0;1612;0;1
7248;0;1612;0;1
7249;0;1612;0;1
7250;0;1612;0;1
7251;0;1612;0;1
7252;0;1612;0;1
7253;0;1612;0;1
7254;0;1612;0;1
7255;0;1612;0;1
7256;0;1612;0;1
7257;0;1612;0;1
7258;0;1612;0;1
7259;0;1612;0;1
7260;0;1612;0;1
7261;0;1612;0;1
7262;0;1612;0;1
7263;0;1612;0;1
7264;0;1612;0;1
7265;0;1612;0;1
7266;0;1612;0;1
7267;0;1612;0;1
7268;0;1612;0;1
7269;0;1612;0;1
7270;0;1612;0;1
7271;0;1612;0;1
7272;0;1612;0;1
7273;0;1612;0;1
7274;0;1612;0;1
7275;0;1612;0;1
7276;0;1612;0;1
7277;0;1612;0;1
7278;0;1612;0;1
7279;0;1612;0;1
7280;0;1612;0;1
7281;0;1612;0;1
7282;0;1612;0;1
7283;0;1612;0;1
7284;0;1612;0;1
7285;0;1612;0;1
7286;0;1612;0;1
7287;0;1612;0;1
7288;0;1612;0;1
7289;0;1612;0;1
7290;0;1612;0;1
7291;0;1612;0;1
7292;0;1612;0;1
7293;0;1612;0;1
7294;0;1612;0;1
7295;0;1612;0;1
7296;0;1612;0;1
7297;0;1612;0;1
7298;0;1612;0;1
7299;0;1612;0;1
7300;0;1612;0;1
7301;0;1612;0;1
7302;0;1612;0;1
7303;0;1612;0;1
7304;0;1612;0;1
7305;0;1612;0;1
7306;0;1612;0;1
7307;0;1612;0;1
7308;0;1612;0;1
7309;0;1612;0;1
7310;0;1612;0;1
7311;0;1612;0;1
7312;0;1612;0;1
7313;0;1612;0;1
7314;0;1612;0;1
7315;0;1612;0;1
7316;0;1612;0;1
7317;0;1612;0;1
7318;0;1612;0;1
7319;0;1612;0;1
7320;0;1612;0;1
7321;0;1612;0;1
7322;0;1612;0;1
7323;0;1612;0;1
7324;0;1612;0;1
7325;0;1612;0;1
7326;0;1612;0;1
7327;0;1612;0;1
7328;0;1612;0;1
7329;0;1612;0;1
7330;0;1612;0;1
7331;0;1612;0;1
7332;0;1612;0;1
7333;0;1612;0;1
7334;0;1612;0;1
7335;0;1612;0;1
7336;0;1612;0;1
7337;0;1612;0;1
7338;0;1612;0;1
7339;0;1612;0;1
7340;0;1612;0;1
7341;0;1612;0;1
7342;0;1612;0;1
7343;0;1612;0;1
7344;0;1612;0;1
7345;0;1612;0;1
7346;0;1612;0;1
7347;0;1612;0;1
7348;0;1612;0;1
7349;0;1612;0;1
7350;0;1612;0;1
7351;0;1612;0;1
7352;0;1612;0;1
7353;0;1612;0;1
7354;0;1612;0;1
7355;0;1612;0;1
7356;0;1612;0;1
7357;0;1612;0;1
7358;0;1612;0;1
7359;0;1612;0;1
7360;0;1612;0;1
7361;0;1612;0;1
7362;0;1612;0;1
7363;0;1612;0;1
7364;0;1612;0;1
7365;0;1612;0;1
7366;0;1612;0;1
7367;0;1612;0;1
7368;0;1612;0;1
7369;0;1612;0;1
7370;0;1612;0;1
7371;0;1612;0;1
7372;0;1612;0;1
7373;0;1612;0;1
7374;0;1612;0;1
7375;0;1612;0;1
7376;0;1612;0;1
7377;0;1612;0;1
7378;0;1612;0;1
7379;0;1612;0;1
7380;0;1612;0;1
7381;0;1612;0;1
7382;0;1612;0;1
7383;0;1612;0;1
7384;0;1612;0;1
7385;0;1612;0;1
7386;0;1612;0;1
7387;0;1612;0;1
7388;0;1612;0;1
7389;0;1612;0;1
7390;0;1612;0;1
7391;0;1612;0;1
7392;0;1612;0;1
7393;0;1612;0;1
7394;0;1612;0;1
7395;0;1612;0;1
7396;0;1612;0;1
7397;0;1612;0;1
7398;0;1612;0;1
7399;0;1612;0;1
7400;0;1612;0;1
7401;0;1612;0;1
7402;0;1612;0;1
7403;0;1612;0;1
7404;0;1612;0;1
7405;0;1612;0;1
7406;0;1612;0;1
7407;0;1612;0;1
7408;0;1612;0;1
7409;0;1612;0;1
7410;0;1612;0;1
7411;0;1612;0;1
7412;0;1612;0;1
7413;0;1612;0;1
7414;0;1612;0;1
7415;0;1612;0;1
7416;0;1612;0;1
7417;0;1612;0;1
7418;0;1612;0;1
7419;0;1612;0;1
7420;0;1612;0;1
7421;0;1612;0;1
7422;0;1612;0;1
7423;0;1612;0;1
7424;0;1612;0;1
7425;0;1612;0;1
7426;0;1612;0;1
7427;0;1612;0;1
7428;0;1612;0;1
7429;0;1612;0;1
7430;0;1612;0;1
7431;0;1612;0;1
7432;0;1612;0;1
7433;0;1612;0;1
7434;0;1612;0;1
7435;0;1612;0;1
7436;0;1612;0;1
7437;0;1612;0;1
7438;0;1612;0;1
7439;0;1612;0;1
7440;0;1612;0;1
7441;0;1612;0;1
7442;0;1612;0;1
7443;0;1612;0;1
7444;0;1612;0;1
7445;0;1612;0;1
7446;0;1612;0;1
7447;0;1612;0;1
7448;0;1612;0;1
7449;0;1612;0;1
7450;0;1612;0;1
7451;0;1612;0;1
7452;0;1612;0;1
7453;0;1612;0;1
7454;0;1612;0;1
7455;0;1612;0;1
7456;0;1612;0;1
7457;0;1612;0;1
7458;0;1612;0;1
7459;0;1612;0;1
7460;0;1612;0;1
7461;0;1612;0;1
7462;0;1612;0;1
7463;0;1612;0;1
7464;0;1612;0;1
7465;0;1612;0;1
7466;0;1612;0;1
7467;0;1612;0;1
7468;0;1612;0;1
7469;0;1612;0;1
7470;0;1612;0;1
7471;0;1612;0;1
7472;0;1612;0;1
7473;0;1612;0;1
7474;0;1612;0;1
7475;0;1612;0;1
7476;0;1612;0;1
7477;0;1612;0;1
7478;0;1612;0;1
7479;0;1612;0;1
7480;0;1612;0;1
7481;0;1612;0;1
7482;0;1612;0;1
7483;0;1612;0;1
7484;0;1612;0;1
7485;0;1612;0;1
7486;0;1612;0;1
7487;0;1612;0;1
7488;0;1612;0;1
7489;0;1612;0;1
7490;0;1612;0;1
7491;0;1612;0;1
7492;0;1612;0;1
7493;0;1612;0;1
7494;0;1612;0;1
7495;0;1612;0;1
7496;0;1612;0;1
7497;0;1612;0;1
7498;0;1612;0;1
7499;0;1612;0;1
7500;0;1612;0;1
7501;0;1612;0;1
7502;0;1612;0;1
7503;0;1612;0;1
7504;0;1612;0;1
7505;0;1612;0;1
7506;0;1612;0;1
7507;0;1612;0;1
7508;0;1612;0;1
7509;0;1612;0;1
7510;0;1612;0;1
7511;0;1612;0;1
7512;0;1612;0;1
7513;0;1612;0;1
7514;0;1612;0;1
7515;0;1612;0;1
7516;0;1612;0;1
7517;0;1612;0;1
7518;0;1612;0;1
7519;0;1612;0;1
7520;0;1612;0;1
7521;0;1612;0;1
7522;0;1612;0;1
7523;0;1612;0;1
7524;0;1612;0;1
7525;0;1612;0;1
7526;0;1612;0;1
7527;0;1612;0;1
7528;0;1612;0;1
7529;0;1612;0;1
7530;0;1612;0;1
7531;0;1612;0;1
7532;0;1612;0;1
7533;0;1612;0;1
7534;0;1612;0;1
7535;0;1612;0;1
7536;0;1612;0;1
7537;0;1612;0;1
7538;0;1612;0;1
7539;0;1612;0;1
7540;0;1612;0;1
7541;0;1612;0;1
7542;0;1612;0;1
7543;0;1612;0;1
7544;0;1612;0;1
7545;0;1612;0;1
7546;0;1612;0;1
7547;0;1612;0;1
7548;0;1612;0;1
7549;0;1612;0;1
7550;0;1612;0;1
7551;0;1612;0;1
7552;0;1612;0;1
7553;0;1612;0;1
7554;0;1612;0;1
7555;0;1612;0;1
7556;0;1612;0;1
7557;0;1612;0;1
7558;0;1612;0;1
7559;0;1612;0;1
7560;0;1612;0;1
7561;0;1612;0;1
7562;0;1612;0;1
7563;0;1612;0;1
7564;0;1612;0;1
7565;0;1612;0;1
7566;0;1612;0;1
7567;0;1612;0;1
7568;0;1612;0;1
7569;0;1612;0;1
7570;0;1612;0;1
7571;0;1612;0;1
7572;0;1612;0;1
7573;0;1612;0;1
7574;0;1612;0;1
7575;0;1612;0;1
7576;0;1612;0;1
7577;0;1612;0;1
7578;0;1612;0;1
7579;0;1612;0;1
7580;0;1612;0;1
7581;0;1612;0;1
7582;0;1612;0;1
7583;0;1612;0;1
7584;0;1612;0;1
7585;0;1612;0;1
7586;0;1612;0;1
7587;0;1612;0;1
7588;0;1612;0;1
7589;0;1612;0;1
7590;0;1612;0;1
7591;0;1612;0;1
7592;0;1612;0;1
7593;0;1612;0;1
7594;0;1612;0;1
7595;0;1612;0;1
7596;0;1612;0;1
7597;0;1612;0;1
7598;0;1612;0;1
7599;0;1612;0;1
7600;0;1612;0;1
7601;0;1612;0;1
7602;0;1612;0;1
7603;0;1612;0;1
7604;0;1612;0;1
7605;0;1612;0;1
7606;0;1612;0;1
7607;0;1612;0;1
7608;0;1612;0;1
7609;0;1612;0;1
7610;0;1612;0;1
7611;0;1612;0;1
7612;0;1612;0;1
7613;0;1612;0;1
7614;0;1612;0;1
7615;0;1612;0;1
7616;0;1612;0;1
7617;0;1612;0;1
7618;0;1612;0;1
7619;0;1612;0;1
7620;0;1612;0;1
7621;0;1612;0;1
7622;0;1612;0;1
7623;0;1612;0;1
7624;0;1612;0;1
7625;0;1612;0;1
7626;0;1612;0;1
7627;0;1612;0;1
7628;0;1612;0;1
7629;0;1612;0;1
7630;0;1612;0;1
7631;0;1612;0;1
7632;0;1612;0;1
7633;0;1612;0;1
7634;0;1612;0;1
7635;0;1612;0;1
7636;0;1612;0;1
7637;0;1612;0;1
7638;0;1612;0;1
7639;0;1612;0;1
7640;0;1612;0;1
7641;0;1612;0;1
7642;0;1612;0;1
7643;0;1612;0;1
7644;0;1612;0;1
7645;0;1612;0;1
7646;0;1612;0;1
7647;0;1612;0;1
7648;0;1612;0;1
7649;0;1612;0;1
7650;0;1612;0;1
7651;0;1612;0;1
7652;0;1612;0;1
7653;0;1612;0;1
7654;0;1612;0;1
7655;0;1612;0;1
7656;0;1612;0;1
7657;0;1612;0;1
7658;0;1612;0;1
7659;0;1612;0;1
7660;0;1612;0;1
7661;0;1612;0;1
7662;0;1612;0;1
7663;0;1612;0;1
7664;0;1612;0;1
7665;0;1612;0;1
7666;0;1612;0;1
7667;0;1612;0;1
7668;0;1612;0;1
7669;0;1612;0;1
7670;0;1612;0;1
7671;0;1612;0;1
7672;0;1612;0;1
7673;0;1612;0;1
7674;0;1612;0;1
7675;0;1612;0;1
7676;0;1612;0;1
7677;0;1612;0;1
7678;0;1612;0;1
7679;0;1612;0;1
7680;0;1612;0;1
7681;0;1612;0;1
7682;0;1612;0;1
7683;0;1612;0;1
7684;0;1612;0;1
7685;0;1612;0;1
7686;0;1612;0;1
7687;0;1612;0;1
7688;0;1612;0;1
7689;0;1612;0;1
7690;0;1612;0;1
7691;0;1612;0;1
7692;0;1612;0;1
7693;0;1612;0;1
7694;0;1612;0;1
7695;0;1612;0;1
7696;0;1612;0;1
7697;0;1612;0;1
7698;0;1612;0;1
7699;0;1612;0;1
7700;0;1612;0;1
7701;0;1612;0;1
7702;0;1612;0;1
7703;0;1612;0;1
7704;0;1612;0;1
7705;0;1612;0;1
7706;0;1612;0;1
7707;0;1612;0;1
7708;0;1612;0;1
7709;0;1612;0;1
7710;0;1612;0;1
7711;0;1612;0;1
7712;0;1612;0;1
7713;0;1612;0;1
7714;0;1612;0;1
7715;0;1612;0;1
7716;0;1612;0;1
7717;0;1612;0;1
7718;0;1612;0;1
7719;0;1612;0;1
7720;0;1612;0;1
7721;0;1612;0;1
7722;0;1612;0;1
7723;0;1612;0;1
7724;0;1612;0;1
7725;0;1612;0;1
7726;0;1612;0;1
7727;0;1612;0;1
7728;0;1612;0;1
7729;0;1612;0;1
7730;0;1612;0;1
7731;0;1612;0;1
7732;0;1612;0;1
7733;0;1612;0;1
7734;0;1612;0;1
7735;0;1612;0;1
7736;0;1612;0;1
7737;0;1612;0;1
7738;0;1612;0;1
7739;0;1612;0;1
7740;0;1612;0;1
7741;0;1612;0;1
7742;0;1612;0;1
7743;0;1612;0;1
7744;0;1612;0;1
7745;0;1612;0;1
7746;0;1612;0;1
7747;0;1612;0;1
7748;0;1612;0;1
7749;0;1612;0;1
7750;0;1612;0;1
7751;0;1612;0;1
7752;0;1612;0;1
7753;0;1612;0;1
7754;0;1612;0;1
7755;0;1612;0;1
7756;0;1612;0;1
7757;0;1612;0;1
7758;0;1612;0;1
7759;0;1612;0;1
7760;0;1612;0;1
7761;0;1612;0;1
7762;0;1612;0;1
7763;0;1612;0;1
7764;0;1612;0;1
7765;0;1612;0;1
7766;0;1612;0;1
7767;0;1612;0;1
7768;0;1612;0;1
7769;0;1612;0;1
7770;0;1612;0;1
7771;0;1612;0;1
7772;0;1612;0;1
7773;0;1612;0;1
7774;0;1612;0;1
7775;0;1612;0;1
7776;0;1612;0;1
7777;0;1612;0;1
7778;0;1612;0;1
7779;0;1612;0;1
7780;0;1612;0;1
7781;0;1612;0;1
7782;0;1612;0;1
7783;0;1612;0;1
7784;0;1612;0;1
7785;0;1612;0;1
7786;0;1612;0;1
7787;0;1612;0;1
7788;0;1612;0;1
7789;0;1612;0;1
7790;0;1612;0;1
7791;0;1612;0;1
7792;0;1612;0;1
7793;0;1612;0;1
7794;0;1612;0;1
7795;0;1612;0;1
7796;0;1612;0;1
7797;0;1612;0;1
7798;0;1612;0;1
7799;0;1612;0;1
7800;0;1612;0;1
7801;0;1612;0;1
7802;0;1612;0;1
7803;0;1612;0;1
7804;0;1612;0;1
7805;0;1612;0;1
7806;0;1612;0;1
7807;0;1612;0;1
7808;0;1612;0;1
7809;0;1612;0;1
7810;0;1612;0;1
7811;0;1612;0;1
7812;0;1612;0;1
7813;0;1612;0;1
7814;0;1612;0;1
7815;0;1612;0;1
7816;0;1612;0;1
7817;0;1612;0;1
7818;0;1612;0;1
7819;0;1612;0;1
7820;0;1612;0;1
7821;0;1612;0;1
7822;0;1612;0;1
7823;0;1612;0;1
7824;0;1612;0;1
7825;0;1612;0;1
7826;0;1612;0;1
7827;0;1612;0;1
7828;0;1612;0;1
7829;0;1612;0;1
7830;0;1612;0;1
7831;0;1612;0;1
7832;0;1612;0;1
7833;0;1612;0;1
7834;0;1612;0;1
7835;0;1612;0;1
7836;0;1612;0;1
7837;0;1612;0;1
7838;0;1612;0;1
7839;0;1612;0;1
7840;0;1612;0;1
7841;0;1612;0;1
7842;0;1612;0;1
7843;0;1612;0;1
7844;0;1612;0;1
7845;0;1612;0;1
7846;0;1612;0;1
7847;0;1612;0;1
7848;0;1612;0;1
7849;0;1612;0;1
7850;0;1612;0;1
7851;0;1612;0;1
7852;0;1612;0;1
7853;0;1612;0;1
7854;0;1612;0;1
7855;0;1612;0;1
7856;0;1612;0;1
7857;0;1612;0;1
7858;0;1612;0;1
7859;0;1612;0;1
7860;0;1612;0;1
7861;0;1612;0;1
7862;0;1612;0;1
7863;0;1612;0;1
7864;0;1612;0;1
7865;0;1612;0;1
7866;0;1612;0;1
7867;0;1612;0;1
7868;0;1612;0;1
7869;0;1612;0;1
7870;0;1612;0;1
7871;0;1612;0;1
7872;0;1612;0;1
7873;0;1612;0;1
7874;0;1612;0;1
7875;0;1612;0;1
7876;0;1612;0;1
7877;0;1612;0;1
7878;0;1612;0;1
7879;0;1612;0;1
7880;0;1612;0;1
7881;0;1612;0;1
7882;0;1612;0;1
7883;0;1612;0;1
7884;0;1612;0;1
7885;0;1612;0;1
7886;0;1612;0;1
7887;0;1612;0;1
7888;0;1612;0;1
7889;0;1612;0;1
7890;0;1612;0;1
7891;0;1612;0;1
7892;0;1612;0;1
7893;0;1612;0;1
7894;0;1612;0;1
7895;0;1612;0;1
7896;0;1612;0;1
7897;0;1612;0;1
7898;0;1612;0;1
7899;0;1612;0;1
7900;0;1612;0;1
7901;0;1612;0;1
7902;0;1612;0;1
7903;0;1612;0;1
7904;0;1612;0;1
7905;0;1612;0;1
7906;0;1612;0;1
7907;0;1612;0;1
7908;0;1612;0;1
7909;0;1612;0;1
7910;0;1612;0;1
7911;0;1612;0;1
7912;0;1612;0;1
7913;0;1612;0;1
7914;0;1612;0;1
7915;0;1612;0;1
7916;0;1612;0;1
7917;0;1612;0;1
7918;0;1612;0;1
7919;0;1612;0;1
7920;0;1612;0;1
7921;0;1612;0;1
7922;0;1612;0;1
7923;0;1612;0;1
7924;0;1612;0;1
7925;0;1612;0;1
7926;0;1612;0;1
7927;0;1612;0;1
7928;0;1612;0;1
7929;0;1612;0;1
7930;0;1612;0;1
7931;0;1612;0;1
7932;0;1612;0;1
7933;0;1612;0;1
7934;0;1612;0;1
7935;0;1612;0;1
7936;0;1612;0;1
7937;0;1612;0;1
7938;0;1612;0;1
7939;0;1612;0;1
7940;0;1612;0;1
7941;0;1612;0;1
7942;0;1612;0;1
7943;0;1612;0;1
7944;0;1612;0;1
7945;0;1612;0;1
7946;0;1612;0;1
7947;0;1612;0;1
7948;0;1612;0;1
7949;0;1612;0;1
7950;0;1612;0;1
7951;0;1612;0;1
7952;0;1612;0;1
7953;0;1612;0;1
7954;0;1612;0;1
7955;0;1612;0;1
7956;0;1612;0;1
7957;0;1612;0;1
7958;0;1612;0;1
7959;0;1612;0;1
7960;0;1612;0;1
7961;0;1612;0;1
7962;0;1612;0;1
7963;0;1612;0;1
7964;0;1612;0;1
7965;0;1612;0;1
7966;0;1612;0;1
7967;0;1612;0;1
7968;0;1612;0;1
7969;0;1612;0;1
7970;0;1612;0;1
7971;0;1612;0;1
7972;0;1612;0;1
7973;0;1612;0;1
7974;0;1612;0;1
7975;0;1612;0;1
7976;0;1612;0;1
7977;0;1612;0;1
7978;0;1612;0;1
7979;0;1612;0;1
7980;0;1612;0;1
7981;0;1612;0;1
7982;0;1612;0;1
7983;0;1612;0;1
7984;0;1612;0;1
7985;0;1612;0;1
7986;0;1612;0;1
7987;0;1612;0;1
7988;0;1612;0;1
7989;0;1612;0;1
7990;0;1612;0;1
7991;0;1612;0;1
7992;0;1612;0;1
7993;0;1612;0;1
7994;0;1612;0;1
7995;0;1612;0;1
7996;0;1612;0;1
7997;0;1612;0;1
7998;0;1612;0;1
7999;0;1612;0;1
8000;0;1612;0;1
8001;0;1612;0;1
8002;0;1612;0;1
8003;0;1612;0;1
8004;0;1612;0;1
8005;0;1612;0;1
8006;0;1612;0;1
8007;0;1612;0;1
8008;0;1612;0;1
8009;0;1612;0;1
8010;0;1612;0;1
8011;0;1612;0;1
8012;0;1612;0;1
8013;0;1612;0;1
8014;0;1612;0;1
8015;0;1612;0;1
8016;0;1612;0;1
8017;0;1612;0;1
8018;0;1612;0;1
8019;0;1612;0;1
8020;0;1612;0;1
8021;0;1612;0;1
8022;0;1612;0;1
8023;0;1612;0;1
8024;0;1612;0;1
8025;0;1612;0;1
8026;0;1612;0;1
8027;0;1612;0;1
8028;0;1612;0;1
8029;0;1612;0;1
8030;0;1612;0;1
8031;0;1612;0;1
8032;0;1612;0;1
8033;0;1612;0;1
8034;0;1612;0;1
8035;0;1612;0;1
8036;0;1612;0;1
8037;0;1612;0;1
8038;0;1612;0;1
8039;0;1612;0;1
8040;0;1612;0;1
8041;0;1612;0;1
8042;0;1612;0;1
8043;0;1612;0;1
8044;0;1612;0;1
8045;0;1612;0;1
8046;0;1612;0;1
8047;0;1612;0;1
8048;0;1612;0;1
8049;0;1612;0;1
8050;0;1612;0;1
8051;0;1612;0;1
8052;0;1612;0;1
8053;0;1612;0;1
8054;0;1612;0;1
8055;0;1612;0;1
8056;0;1612;0;1
8057;0;1612;0;1
8058;0;1612;0;1
8059;0;1612;0;1
8060;0;1612;0;1
8061;0;1612;0;1
8062;0;1612;0;1
8063;0;1612;0;1
8064;0;1612;0;1
8065;0;1612;0;1
8066;0;1612;0;1
8067;0;1612;0;1
8068;0;1612;0;1
8069;0;1612;0;1
8070;0;1612;0;1
8071;0;1612;0;1
8072;0;1612;0;1
8073;0;1612;0;1
8074;0;1612;0;1
8075;0;1612;0;1
8076;0;1612;0;1
8077;0;1612;0;1
8078;0;1612;0;1
8079;0;1612;0;1
8080;0;1612;0;1
8081;0;1612;0;1
8082;0;1612;0;1
8083;0;1612;0;1
8084;0;1612;0;1
8085;0;1612;0;1
8086;0;1612;0;1
8087;0;1612;0;1
8088;0;1612;0;1
8089;0;1612;0;1
8090;0;1612;0;1
8091;0;1612;0;1
8092;0;1612;0;1
8093;0;1612;0;1
8094;0;1612;0;1
8095;0;1612;0;1
8096;0;1612;0;1
8097;0;1612;0;1
8098;0;1612;0;1
8099;0;1612;0;1
8100;0;1612;0;1
8101;0;1612;0;1
8102;0;1612;0;1
8103;0;1612;0;1
8104;0;1612;0;1
8105;0;1612;0;1
8106;0;1612;0;1
8107;0;1612;0;1
8108;0;1612;0;1
8109;0;1612;0;1
8110;0;1612;0;1
8111;0;1612;0;1
8112;0;1612;0;1
8113;0;1612;0;1
8114;0;1612;0;1
8115;0;1612;0;1
8116;0;1612;0;1
8117;0;1612;0;1
8118;0;1612;0;1
8119;0;1612;0;1
8120;0;1612;0;1
8121;0;1612;0;1
8122;0;1612;0;1
8123;0;1612;0;1
8124;0;1612;0;1
8125;0;1612;0;1
8126;0;1612;0;1
8127;0;1612;0;1
8128;0;1612;0;1
8129;0;1612;0;1
8130;0;1612;0;1
8131;0;1612;0;1
8132;0;1612;0;1
8133;0;1612;0;1
8134;0;1612;0;1
8135;0;1612;0;1
8136;0;1612;0;1
8137;0;1612;0;1
8138;0;1612;0;1
8139;0;1612;0;1
8140;0;1612;0;1
8141;0;1612;0;1
8142;0;1612;0;1
8143;0;1612;0;1
8144;0;1612;0;1
8145;0;1612;0;1
8146;0;1612;0;1
8147;0;1612;0;1
8148;0;1612;0;1
8149;0;1612;0;1
8150;0;1612;0;1
8151;0;1612;0;1
8152;0;1612;0;1
8153;0;1612;0;1
8154;0;1612;0;1
8155;0;1612;0;1
8156;0;1612;0;1
8157;0;1612;0;1
8158;0;1612;0;1
8159;0;1612;0;1
8160;0;1612;0;1
8161;0;1612;0;1
8162;0;1612;0;1
8163;0;1612;0;1
8164;0;1612;0;1
8165;0;1612;0;1
8166;0;1612;0;1
8167;0;1612;0;1
8168;0;1612;0;1
8169;0;1612;0;1
8170;0;1612;0;1
8171;0;1612;0;1
8172;0;1612;0;1
8173;0;1612;0;1
8174;0;1612;0;1
8175;0;1612;0;1
8176;0;1612;0;1
8177;0;1612;0;1
8178;0;1612;0;1
8179;0;1612;0;1
8180;0;1612;0;1
8181;0;1612;0;1
8182;0;1612;0;1
8183;0;1612;0;1
8184;0;1612;0;1
8185;0;1612;0;1
8186;0;1612;0;1
8187;0;1612;0;1
8188;0;1612;0;1
8189;0;1612;0;1
8190;0;1612;0;1
8191;0;1612;0;1
8192;0;1612;0;1
8193;0;1612;0;1
8194;0;1612;0;1
8195;0;1612;0;1
8196;0;1612;0;1
8197;0;1612;0;1
8198;0;1612;0;1
8199;0;1612;0;1
8200;0;1612;0;1
8201;0;1612;0;1
8202;0;1612;0;1
8203;0;1612;0;1
8204;0;1612;0;1
8205;0;1612;0;1
8206;0;1612;0;1
8207;0;1612;0;1
8208;0;1612;0;1
8209;0;1612;0;1
8210;0;1612;0;1
8211;0;1612;0;1
8212;0;1612;0;1
8213;0;1612;0;1
8214;0;1612;0;1
8215;0;1612;0;1
8216;0;1612;0;1
8217;0;1612;0;1
8218;0;1612;0;1
8219;0;1612;0;1
8220;0;1612;0;1
8221;0;1612;0;1
8222;0;1612;0;1
8223;0;1612;0;1
8224;0;1612;0;1
8225;0;1612;0;1
8226;0;1612;0;1
8227;0;1612;0;1
8228;0;1612;0;1
8229;0;1612;0;1
8230;0;1612;0;1
8231;0;1612;0;1
8232;0;1612;0;1
8233;0;1612;0;1
8234;0;1612;0;1
8235;0;1612;0;1
8236;0;1612;0;1
8237;0;1612;0;1
8238;0;1612;0;1
8239;0;1612;0;1
8240;0;1612;0;1
8241;0;1612;0;1
8242;0;1612;0;1
8243;0;1612;0;1
8244;0;1612;0;1
8245;0;1612;0;1
8246;0;1612;0;1
8247;0;1612;0;1
8248;0;1612;0;1
8249;0;1612;0;1
8250;0;1612;0;1
8251;0;1612;0;1
8252;0;1612;0;1
8253;0;1612;0;1
8254;0;1612;0;1
8255;0;1612;0;1
8256;0;1612;0;1
8257;0;1612;0;1
8258;0;1612;0;1
8259;0;1612;0;1
8260;0;1612;0;1
8261;0;1612;0;1
8262;0;1612;0;1
8263;0;1612;0;1
8264;0;1612;0;1
8265;0;1612;0;1
8266;0;1612;0;1
8267;0;1612;0;1
8268;0;1612;0;1
8269;0;1612;0;1
8270;0;1612;0;1
8271;0;1612;0;1
8272;0;1612;0;1
8273;0;1612;0;1
8274;0;1612;0;1
8275;0;1612;0;1
8276;0;1612;0;1
8277;0;1612;0;1
8278;0;1612;0;1
8279;0;1612;0;1
8280;0;1612;0;1
8281;0;1612;0;1
8282;0;1612;0;1
8283;0;1612;0;1
8284;0;1612;0;1
8285;0;1612;0;1
8286;0;1612;0;1
8287;0;1612;0;1
8288;0;1612;0;1
8289;0;1612;0;1
8290;0;1612;0;1
8291;0;1612;0;1
8292;0;1612;0;1
8293;0;1612;0;1
8294;0;1612;0;1
8295;0;1612;0;1
8296;0;1612;0;1
8297;0;1612;0;1
8298;0;1612;0;1
8299;0;1612;0;1
8300;0;1612;0;1
8301;0;1612;0;1
8302;0;1612;0;1
8303;0;1612;0;1
8304;0;1612;0;1
8305;0;1612;0;1
8306;0;1612;0;1
8307;0;1612;0;1
8308;0;1612;0;1
8309;0;1612;0;1
8310;0;1612;0;1
8311;0;1612;0;1
8312;0;1612;0;1
8313;0;1612;0;1
8314;0;1612;0;1
8315;0;1612;0;1
8316;0;1612;0;1
8317;0;1612;0;1
8318;0;1612;0;1
8319;0;1612;0;1
8320;0;1612;0;1
8321;0;1612;0;1
8322;0;1612;0;1
8323;0;1612;0;1
8324;0;1612;0;1
8325;0;1612;0;1
8326;0;1612;0;1
8327;0;1612;0;1
8328;0;1612;0;1
8329;0;1612;0;1
8330;0;1612;0;1
8331;0;1612;0;1
8332;0;1612;0;1
8333;0;1612;0;1
8334;0;1612;0;1
8335;0;1612;0;1
8336;0;1612;0;1
8337;0;1612;0;1
8338;0;1612;0;1
8339;0;1612;0;1
8340;0;1612;0;1
8341;0;1612;0;1
8342;0;1612;0;1
8343;0;1612;0;1
8344;0;1612;0;1
8345;0;1612;0;1
8346;0;1612;0;1
8347;0;1612;0;1
8348;0;1612;0;1
8349;0;1612;0;1
8350;0;1612;0;1
8351;0;1612;0;1
8352;0;1612;0;1
8353;0;1612;0;1
8354;0;1612;0;1
8355;0;1612;0;1
8356;0;1612;0;1
8357;0;1612;0;1
8358;0;1612;0;1
8359;0;1612;0;1
8360;0;1612;0;1
8361;0;1612;0;1
8362;0;1612;0;1
8363;0;1612;0;1
8364;0;1612;0;1
8365;0;1612;0;1
8366;0;1612;0;1
8367;0;1612;0;1
8368;0;1612;0;1
8369;0;1612;0;1
8370;0;1612;0;1
8371;0;1612;0;1
8372;0;1612;0;1
8373;0;1612;0;1
8374;0;1612;0;1
8375;0;1612;0;1
8376;0;1612;0;1
8377;0;1612;0;1
8378;0;1612;0;1
8379;0;1612;0;1
8380;0;1612;0;1
8381;0;1612;0;1
8382;0;1612;0;1
8383;0;1612;0;1
8384;0;1612;0;1
8385;0;1612;0;1
8386;0;1612;0;1
8387;0;1612;0;1
8388;0;1612;0;1
8389;0;1612;0;1
8390;0;1612;0;1
8391;0;1612;0;1
8392;0;1612;0;1
8393;0;1612;0;1
8394;0;1612;0;1
8395;0;1612;0;1
8396;0;1612;0;1
8397;0;1612;0;1
8398;0;1612;0;1
8399;0;1612;0;1
8400;0;1612;0;1
8401;0;1612;0;1
8402;0;1612;0;1
8403;0;1612;0;1
8404;0;1612;0;1
8405;0;1612;0;1
8406;0;1612;0;1
8407;0;1612;0;1
8408;0;1612;0;1
8409;0;1612;0;1
8410;0;1612;0;1
8411;0;1612;0;1
8412;0;1612;0;1
8413;0;1612;0;1
8414;0;1612;0;1
8415;0;1612;0;1
8416;0;1612;0;1
8417;0;1612;0;1
8418;0;1612;0;1
8419;0;1612;0;1
8420;0;1612;0;1
8421;0;1612;0;1
8422;0;1612;0;1
8423;0;1612;0;1
8424;0;1612;0;1
8425;0;1612;0;1
8426;0;1612;0;1
8427;0;1612;0;1
8428;0;1612;0;1
8429;0;1612;0;1
8430;0;1612;0;1
8431;0;1612;0;1
8432;0;1612;0;1
8433;0;1612;0;1
8434;0;1612;0;1
8435;0;1612;0;1
8436;0;1612;0;1
8437;0;1612;0;1
8438;0;1612;0;1
8439;0;1612;0;1
8440;0;1612;0;1
8441;0;1612;0;1
8442;0;1612;0;1
8443;0;1612;0;1
8444;0;1612;0;1
8445;0;1612;0;1
8446;0;1612;0;1
8447;0;1612;0;1
8448;0;1612;0;1
8449;0;1612;0;1
8450;0;1612;0;1
8451;0;1612;0;1
8452;0;1612;0;1
8453;0;1612;0;1
8454;0;1612;0;1
8455;0;1612;0;1
8456;0;1612;0;1
8457;0;1612;0;1
8458;0;1612;0;1
8459;0;1612;0;1
8460;0;1612;0;1
8461;0;1612;0;1
8462;0;1612;0;1
8463;0;1612;0;1
8464;0;1612;0;1
8465;0;1612;0;1
8466;0;1612;0;1
8467;0;1612;0;1
8468;0;1612;0;1
8469;0;1612;0;1
8470;0;1612;0;1
8471;0;1612;0;1
8472;0;1612;0;1
8473;0;1612;0;1
8474;0;1612;0;1
8475;0;1612;0;1
8476;0;1612;0;1
8477;0;1612;0;1
8478;0;1612;0;1
8479;0;1612;0;1
8480;0;1612;0;1
8481;0;1612;0;1
8482;0;1612;0;1
8483;0;1612;0;1
8484;0;1612;0;1
8485;0;1612;0;1
8486;0;1612;0;1
8487;0;1612;0;1
8488;0;1612;0;1
8489;0;1612;0;1
8490;0;1612;0;1
8491;0;1612;0;1
8492;0;1612;0;1
8493;0;1612;0;1
8494;0;1612;0;1
8495;0;1612;0;1
8496;0;1612;0;1
8497;0;1612;0;1
8498;0;1612;0;1
8499;0;1612;0;1
8500;0;1612;0;1
8501;0;1612;0;1
8502;0;1612;0;1
8503;0;1612;0;1
8504;0;1612;0;1
8505;0;1612;0;1
8506;0;1612;0;1
8507;0;1612;0;1
8508;0;1612;0;1
8509;0;1612;0;1
8510;0;1612;0;1
8511;0;1612;0;1
8512;0;1612;0;1
8513;0;1612;0;1
8514;0;1612;0;1
8515;0;1612;0;1
8516;0;1612;0;1
8517;0;1612;0;1
8518;0;1612;0;1
8519;0;1612;0;1
8520;0;1612;0;1
8521;0;1612;0;1
8522;0;1612;0;1
8523;0;1612;0;1
8524;0;1612;0;1
8525;0;1612;0;1
8526;0;1612;0;1
8527;0;1612;0;1
8528;0;1612;0;1
8529;0;1612;0;1
8530;0;1612;0;1
8531;0;1612;0;1
8532;0;1612;0;1
8533;0;1612;0;1
8534;0;1612;0;1
8535;0;1612;0;1
8536;0;1612;0;1
8537;0;1612;0;1
8538;0;1612;0;1
8539;0;1612;0;1
8540;0;1612;0;1
8541;0;1612;0;1
8542;0;1612;0;1
8543;0;1612;0;1
8544;0;1612;0;1
8545;0;1612;0;1
8546;0;1612;0;1
8547;0;1612;0;1
8548;0;1612;0;1
8549;0;1612;0;1
8550;0;1612;0;1
8551;0;1612;0;1
8552;0;1612;0;1
8553;0;1612;0;1
8554;0;1612;0;1
8555;0;1612;0;1
8556;0;1612;0;1
8557;0;1612;0;1
8558;0;1612;0;1
8559;0;1612;0;1
8560;0;1612;0;1
8561;0;1612;0;1
8562;0;1612;0;1
8563;0;1612;0;1
8564;0;1612;0;1
8565;0;1612;0;1
8566;0;1612;0;1
8567;0;1612;0;1
8568;0;1612;0;1
8569;0;1612;0;1
8570;0;1612;0;1
8571;0;1612;0;1
8572;0;1612;0;1
8573;0;1612;0;1
8574;0;1612;0;1
8575;0;1612;0;1
8576;0;1612;0;1
8577;0;1612;0;1
8578;0;1612;0;1
8579;0;1612;0;1
8580;0;1612;0;1
8581;0;1612;0;1
8582;0;1612;0;1
8583;0;1612;0;1
8584;0;1612;0;1
8585;0;1612;0;1
8586;0;1612;0;1
8587;0;1612;0;1
8588;0;1612;0;1
8589;0;1612;0;1
8590;0;1612;0;1
8591;0;1612;0;1
8592;0;1612;0;1
8593;0;1612;0;1
8594;0;1612;0;1
8595;0;1612;0;1
8596;0;1612;0;1
8597;0;1612;0;1
8598;0;1612;0;1
8599;0;1612;0;1
8600;0;1612;0;1
8601;0;1612;0;1
8602;0;1612;0;1
8603;0;1612;0;1
8604;0;1612;0;1
8605;0;1612;0;1
8606;0;1612;0;1
8607;0;1612;0;1
8608;0;1612;0;1
8609;0;1612;0;1
8610;0;1612;0;1
8611;0;1612;0;1
8612;0;1612;0;1
8613;0;1612;0;1
8614;0;1612;0;1
8615;0;1612;0;1
8616;0;1612;0;1
8617;0;1612;0;1
8618;0;1612;0;1
8619;0;1612;0;1
8620;0;1612;0;1
8621;0;1612;0;1
8622;0;1612;0;1
8623;0;1612;0;1
8624;0;1612;0;1
8625;0;1612;0;1
8626;0;1612;0;1
8627;0;1612;0;1
8628;0;1612;0;1
8629;0;1612;0;1
8630;0;1612;0;1
8631;0;1612;0;1
8632;0;1612;0;1
8633;0;1612;0;1
8634;0;1612;0;1
8635;0;1612;0;1
8636;0;1612;0;1
8637;0;1612;0;1
8638;0;1612;0;1
8639;0;1612;0;1
8640;0;1612;0;1
8641;0;1612;0;1
8642;0;1612;0;1
8643;0;1612;0;1
8644;0;1612;0;1
8645;0;1612;0;1
8646;0;1612;0;1
8647;0;1612;0;1
8648;0;1612;0;1
8649;0;1612;0;1
8650;0;1612;0;1
8651;0;1612;0;1
8652;0;1612;0;1
8653;0;1612;0;1
8654;0;1612;0;1
8655;0;1612;0;1
8656;0;1612;0;1
8657;0;1612;0;1
8658;0;1612;0;1
8659;0;1612;0;1
8660;0;1612;0;1
8661;0;1612;0;1
8662;0;1612;0;1
8663;0;1612;0;1
8664;0;1612;0;1
8665;0;1612;0;1
8666;0;1612;0;1
8667;0;1612;0;1
8668;0;1612;0;1
8669;0;1612;0;1
8670;0;1612;0;1
8671;0;1612;0;1
8672;0;1612;0;1
8673;0;1612;0;1
8674;0;1612;0;1
8675;0;1612;0;1
8676;0;1612;0;1
8677;0;1612;0;1
8678;0;1612;0;1
8679;0;1612;0;1
8680;0;1612;0;1
8681;0;1612;0;1
8682;0;1612;0;1
8683;0;1612;0;1
8684;0;1612;0;1
8685;0;1612;0;1
8686;0;1612;0;1
8687;0;1612;0;1
8688;0;1612;0;1
8689;0;1612;0;1
8690;0;1612;0;1
8691;0;1612;0;1
8692;0;1612;0;1
8693;0;1612;0;1
8694;0;1612;0;1
8695;0;1612;0;1
8696;0;1612;0;1
8697;0;1612;0;1
8698;0;1612;0;1
8699;0;1612;0;1
8700;0;1612;0;1
8701;0;1612;0;1
8702;0;1612;0;1
8703;0;1612;0;1
8704;0;1612;0;1
8705;0;1612;0;1
8706;0;1612;0;1
8707;0;1612;0;1
8708;0;1612;0;1
8709;0;1612;0;1
8710;0;1612;0;1
8711;0;1612;0;1
8712;0;1612;0;1
8713;0;1612;0;1
8714;0;1612;0;1
8715;0;1612;0;1
8716;0;1612;0;1
8717;0;1612;0;1
8718;0;1612;0;1
8719;0;1612;0;1
8720;0;1612;0;1
8721;0;1612;0;1
8722;0;1612;0;1
8723;0;1612;0;1
8724;0;1612;0;1
8725;0;1612;0;1
8726;0;1612;0;1
8727;0;1612;0;1
8728;0;1612;0;1
8729;0;1612;0;1
8730;0;1612;0;1
8731;0;1612;0;1
8732;0;1612;0;1
8733;0;1612;0;1
8734;0;1612;0;1
8735;0;1612;0;1
8736;0;1612;0;1
8737;0;1612;0;1
8738;0;1612;0;1
8739;0;1612;0;1
8740;0;1612;0;1
8741;0;1612;0;1
8742;0;1612;0;1
8743;0;1612;0;1
8744;0;1612;0;1
8745;0;1612;0;1
8746;0;1612;0;1
8747;0;1612;0;1
8748;0;1612;0;1
8749;0;1612;0;1
8750;0;1612;0;1
8751;0;1612;0;1
8752;0;1612;0;1
8753;0;1612;0;1
8754;0;1612;0;1
8755;0;1612;0;1
8756;0;1612;0;1
8757;0;1612;0;1
8758;0;1612;0;1
8759;0;1612;0;1
8760;0;1612;0;1
8761;0;1612;0;1
8762;0;1612;0;1
8763;0;1612;0;1
8764;0;1612;0;1
8765;0;1612;0;1
8766;0;1612;0;1
8767;0;1612;0;1
8768;0;1612;0;1
8769;0;1612;0;1
8770;0;1612;0;1
8771;0;1612;0;1
8772;0;1612;0;1
8773;0;1612;0;1
8774;0;1612;0;1
8775;0;1612;0;1
8776;0;1612;0;1
8777;0;1612;0;1
8778;0;1612;0;1
8779;0;1612;0;1
8780;0;1612;0;1
8781;0;1612;0;1
8782;0;1612;0;1
8783;0;1612;0;1
8784;0;1612;0;1
8785;0;1612;0;1
8786;0;1612;0;1
8787;0;1612;0;1
8788;0;1612;0;1
8789;0;1612;0;1
8790;0;1612;0;1
8791;0;1612;0;1
8792;0;1612;0;1
8793;0;1612;0;1
8794;0;1612;0;1
8795;0;1612;0;1
8796;0;1612;0;1
8797;0;1612;0;1
8798;0;1612;0;1
8799;0;1612;0;1
8800;0;1612;0;1
8801;0;1612;0;1
8802;0;1612;0;1
8803;0;1612;0;1
8804;0;1612;0;1
8805;0;1612;0;1
8806;0;1612;0;1
8807;0;1612;0;1
8808;0;1612;0;1
8809;0;1612;0;1
8810;0;1612;0;1
8811;0;1612;0;1
8812;0;1612;0;1
8813;0;1612;0;1
8814;0;1612;0;1
8815;0;1612;0;1
8816;0;1612;0;1
8817;0;1612;0;1
8818;0;1612;0;1
8819;0;1612;0;1
8820;0;1612;0;1
8821;0;1612;0;1
8822;0;1612;0;1
8823;0;1612;0;1
8824;0;1612;0;1
8825;0;1612;0;1
8826;0;1612;0;1
8827;0;1612;0;1
8828;0;1612;0;1
8829;0;1612;0;1
8830;0;1612;0;1
8831;0;1612;0;1
8832;0;1612;0;1
8833;0;1612;0;1
8834;0;1612;0;1
8835;0;1612;0;1
8836;0;1612;0;1
8837;0;1612;0;1
8838;0;1612;0;1
8839;0;1612;0;1
8840;0;1612;0;1
8841;0;1612;0;1
8842;0;1612;0;1
8843;0;1612;0;1
8844;0;1612;0;1
8845;0;1612;0;1
8846;0;1612;0;1
8847;0;1612;0;1
8848;0;1612;0;1
8849;0;1612;0;1
8850;0;1612;0;1
8851;0;1612;0;1
8852;0;1612;0;1
8853;0;1612;0;1
8854;0;1612;0;1
8855;0;1612;0;1
8856;0;1612;0;1
8857;0;1612;0;1
8858;0;1612;0;1
8859;0;1612;0;1
8860;0;1612;0;1
8861;0;1612;0;1
8862;0;1612;0;1
8863;0;1612;0;1
8864;0;1612;0;1
8865;0;1612;0;1
8866;0;1612;0;1
8867;0;1612;0;1
8868;0;1612;0;1
8869;0;1612;0;1
8870;0;1612;0;1
8871;0;1612;0;1
8872;0;1612;0;1
8873;0;1612;0;1
8874;0;1612;0;1
8875;0;1612;0;1
8876;0;1612;0;1
8877;0;1612;0;1
8878;0;1612;0;1
8879;0;1612;0;1
8880;0;1612;0;1
8881;0;1612;0;1
8882;0;1612;0;1
8883;0;1612;0;1
8884;0;1612;0;1
8885;0;1612;0;1
8886;0;1612;0;1
8887;0;1612;0;1
8888;0;1612;0;1
8889;0;1612;0;1
8890;0;1612;0;1
8891;0;1612;0;1
8892;0;1612;0;1
8893;0;1612;0;1
8894;0;1612;0;1
8895;0;1612;0;1
8896;0;1612;0;1
8897;0;1612;0;1
8898;0;1612;0;1
8899;0;1612;0;1
8900;0;1612;0;1
8901;0;1612;0;1
8902;0;1612;0;1
8903;0;1612;0;1
8904;0;1612;0;1
8905;0;1612;0;1
8906;0;1612;0;1
8907;0;1612;0;1
8908;0;1612;0;1
8909;0;1612;0;1
8910;0;1612;0;1
8911;0;1612;0;1
8912;0;1612;0;1
8913;0;1612;0;1
8914;0;1612;0;1
8915;0;1612;0;1
8916;0;1612;0;1
8917;0;1612;0;1
8918;0;1612;0;1
8919;0;1612;0;1
8920;0;1612;0;1
8921;0;1612;0;1
8922;0;1612;0;1
8923;0;1612;0;1
8924;0;1612;0;1
8925;0;1612;0;1
8926;0;1612;0;1
8927;0;1612;0;1
8928;0;1612;0;1
8929;0;1612;0;1
8930;0;1612;0;1
8931;0;1612;0;1
8932;0;1612;0;1
8933;0;1612;0;1
8934;0;1612;0;1
8935;0;1612;0;1
8936;0;1612;0;1
8937;0;1612;0;1
8938;0;1612;0;1
8939;0;1612;0;1
8940;0;1612;0;1
8941;0;1612;0;1
8942;0;1612;0;1
8943;0;1612;0;1
8944;0;1612;0;1
8945;0;1612;0;1
8946;0;1612;0;1
8947;0;1612;0;1
8948;0;1612;0;1
8949;0;1612;0;1
8950;0;1612;0;1
8951;0;1612;0;1
8952;0;1612;0;1
8953;0;1612;0;1
8954;0;1612;0;1
8955;0;1612;0;1
8956;0;1612;0;1
8957;0;1612;0;1
8958;0;1612;0;1
8959;0;1612;0;1
8960;0;1612;0;1
8961;0;1612;0;1
8962;0;1612;0;1
8963;0;1612;0;1
8964;0;1612;0;1
8965;0;1612;0;1
8966;0;1612;0;1
8967;0;1612;0;1
8968;0;1612;0;1
8969;0;1612;0;1
8970;0;1612;0;1
8971;0;1612;0;1
8972;0;1612;0;1
8973;0;1612;0;1
8974;0;1612;0;1
8975;0;1612;0;1
8976;0;1612;0;1
8977;0;1612;0;1
8978;0;1612;0;1
8979;0;1612;0;1
8980;0;1612;0;1
8981;0;1612;0;1
8982;0;1612;0;1
8983;0;1612;0;1
8984;0;1612;0;1
8985;0;1612;0;1
8986;0;1612;0;1
8987;0;1612;0;1
8988;0;1612;0;1
8989;0;1612;0;1
8990;0;1612;0;1
8991;0;1612;0;1
8992;0;1612;0;1
8993;0;1612;0;1
8994;0;1612;0;1
8995;0;1612;0;1
8996;0;1612;0;1
8997;0;1612;0;1
8998;0;1612;0;1
8999;0;1612;0;1
9000;0;1612;0;1
9001;0;1612;0;1
9002;0;1612;0;1
9003;0;1612;0;1
9004;0;1612;0;1
9005;0;1612;0;1
9006;0;1612;0;1
9007;0;1612;0;1
9008;0;1612;0;1
9009;0;1612;0;1
9010;0;1612;0;1
9011;0;1612;0;1
9012;0;1612;0;1
9013;0;1612;0;1
9014;0;1612;0;1
9015;0;1612;0;1
9016;0;1612;0;1
9017;0;1612;0;1
9018;0;1612;0;1
9019;0;1612;0;1
9020;0;1612;0;1
9021;0;1612;0;1
9022;0;1612;0;1
9023;0;1612;0;1
9024;0;1612;0;1
9025;0;1612;0;1
9026;0;1612;0;1
9027;0;1612;0;1
9028;0;1612;0;1
9029;0;1612;0;1
9030;0;1612;0;1
9031;0;1612;0;1
9032;0;1612;0;1
9033;0;1612;0;1
9034;0;1612;0;1
9035;0;1612;0;1
9036;0;1612;0;1
9037;0;1612;0;1
9038;0;1612;0;1
9039;0;1612;0;1
9040;0;1612;0;1
9041;0;1612;0;1
9042;0;1612;0;1
9043;0;1612;0;1
9044;0;1612;0;1
9045;0;1612;0;1
9046;0;1612;0;1
9047;0;1612;0;1
9048;0;1612;0;1
9049;0;1612;0;1
9050;0;1612;0;1
9051;0;1612;0;1
9052;0;1612;0;1
9053;0;1612;0;1
9054;0;1612;0;1
9055;0;1612;0;1
9056;0;1612;0;1
9057;0;1612;0;1
9058;0;1612;0;1
9059;0;1612;0;1
9060;0;1612;0;1
9061;0;1612;0;1
9062;0;1612;0;1
9063;0;1612;0;1
9064;0;1612;0;1
9065;0;1612;0;1
9066;0;1612;0;1
9067;0;1612;0;1
9068;0;1612;0;1
9069;0;1612;0;1
9070;0;1612;0;1
9071;0;1612;0;1
9072;0;1612;0;1
9073;0;1612;0;1
9074;0;1612;0;1
9075;0;1612;0;1
9076;0;1612;0;1
9077;0;1612;0;1
9078;0;1612;0;1
9079;0;1612;0;1
9080;0;1612;0;1
9081;0;1612;0;1
9082;0;1612;0;1
9083;0;1612;0;1
9084;0;1612;0;1
9085;0;1612;0;1
9086;0;1612;0;1
9087;0;1612;0;1
9088;0;1612;0;1
9089;0;1612;0;1
9090;0;1612;0;1
9091;0;1612;0;1
9092;0;1612;0;1
9093;0;1612;0;1
9094;0;1612;0;1
9095;0;1612;0;1
9096;0;1612;0;1
9097;0;1612;0;1
9098;0;1612;0;1
9099;0;1612;0;1
9100;0;1612;0;1
9101;0;1612;0;1
9102;0;1612;0;1
9103;0;1612;0;1
9104;0;1612;0;1
9105;0;1612;0;1
9106;0;1612;0;1
9107;0;1612;0;1
9108;0;1612;0;1
9109;0;1612;0;1
9110;0;1612;0;1
9111;0;1612;0;1
9112;0;1612;0;1
9113;0;1612;0;1
9114;0;1612;0;1
9115;0;1612;0;1
9116;0;1612;0;1
9117;0;1612;0;1
9118;0;1612;0;1
9119;0;1612;0;1
9120;0;1612;0;1
9121;0;1612;0;1
9122;0;1612;0;1
9123;0;1612;0;1
9124;0;1612;0;1
9125;0;1612;0;1
9126;0;1612;0;1
9127;0;1612;0;1
9128;0;1612;0;1
9129;0;1612;0;1
9130;0;1612;0;1
9131;0;1612;0;1
9132;0;1612;0;1
9133;0;1612;0;1
9134;0;1612;0;1
9135;0;1612;0;1
9136;0;1612;0;1
9137;0;1612;0;1
9138;0;1612;0;1
9139;0;1612;0;1
9140;0;1612;0;1
9141;0;1612;0;1
9142;0;1612;0;1
9143;0;1612;0;1
9144;0;1612;0;1
9145;0;1612;0;1
9146;0;1612;0;1
9147;0;1612;0;1
9148;0;1612;0;1
9149;0;1612;0;1
9150;0;1612;0;1
9151;0;1612;0;1
9152;0;1612;0;1
9153;0;1612;0;1
9154;0;1612;0;1
9155;0;1612;0;1
9156;0;1612;0;1
9157;0;1612;0;1
9158;0;1612;0;1
9159;0;1612;0;1
9160;0;1612;0;1
9161;0;1612;0;1
9162;0;1612;0;1
9163;0;1612;0;1
9164;0;1612;0;1
9165;0;1612;0;1
9166;0;1612;0;1
9167;0;1612;0;1
9168;0;1612;0;1
9169;0;1612;0;1
9170;0;1612;0;1
9171;0;1612;0;1
9172;0;1612;0;1
9173;0;1612;0;1
9174;0;1612;0;1
9175;0;1612;0;1
9176;0;1612;0;1
9177;0;1612;0;1
9178;0;1612;0;1
9179;0;1612;0;1
9180;0;1612;0;1
9181;0;1612;0;1
9182;0;1612;0;1
9183;0;1612;0;1
9184;0;1612;0;1
9185;0;1612;0;1
9186;0;1612;0;1
9187;0;1612;0;1
9188;0;1612;0;1
9189;0;1612;0;1
9190;0;1612;0;1
9191;0;1612;0;1
9192;0;1612;0;1
9193;0;1612;0;1
9194;0;1612;0;1
9195;0;1612;0;1
9196;0;1612;0;1
9197;0;1612;0;1
9198;0;1612;0;1
9199;0;1612;0;1
9200;0;1612;0;1
9201;0;1612;0;1
9202;0;1612;0;1
9203;0;1612;0;1
9204;0;1612;0;1
9205;0;1612;0;1
9206;0;1612;0;1
9207;0;1612;0;1
9208;0;1612;0;1
9209;0;1612;0;1
9210;0;1612;0;1
9211;0;1612;0;1
9212;0;1612;0;1
9213;0;1612;0;1
9214;0;1612;0;1
9215;0;1612;0;1
9216;0;1612;0;1
9217;0;1612;0;1
9218;0;1612;0;1
9219;0;1612;0;1
9220;0;1612;0;1
9221;0;1612;0;1
9222;0;1612;0;1
9223;0;1612;0;1
9224;0;1612;0;1
9225;0;1612;0;1
9226;0;1612;0;1
9227;0;1612;0;1
9228;0;1612;0;1
9229;0;1612;0;1
9230;0;1612;0;1
9231;0;1612;0;1
9232;0;1612;0;1
9233;0;1612;0;1
9234;0;1612;0;1
9235;0;1612;0;1
9236;0;1612;0;1
9237;0;1612;0;1
9238;0;1612;0;1
9239;0;1612;0;1
9240;0;1612;0;1
9241;0;1612;0;1
9242;0;1612;0;1
9243;0;1612;0;1
9244;0;1612;0;1
9245;0;1612;0;1
9246;0;1612;0;1
9247;0;1612;0;1
9248;0;1612;0;1
9249;0;1612;0;1
9250;0;1612;0;1
9251;0;1612;0;1
9252;0;1612;0;1
9253;0;1612;0;1
9254;0;1612;0;1
9255;0;1612;0;1
9256;0;1612;0;1
9257;0;1612;0;1
9258;0;1612;0;1
9259;0;1612;0;1
9260;0;1612;0;1
9261;0;1612;0;1
9262;0;1612;0;1
9263;0;1612;0;1
9264;0;1612;0;1
9265;0;1612;0;1
9266;0;1612;0;1
9267;0;1612;0;1
9268;0;1612;0;1
9269;0;1612;0;1
9270;0;1612;0;1
9271;0;1612;0;1
9272;0;1612;0;1
9273;0;1612;0;1
9274;0;1612;0;1
9275;0;1612;0;1
9276;0;1612;0;1
9277;0;1612;0;1
9278;0;1612;0;1
9279;0;1612;0;1
9280;0;1612;0;1
9281;0;1612;0;1
9282;0;1612;0;1
9283;0;1612;0;1
9284;0;1612;0;1
9285;0;1612;0;1
9286;0;1612;0;1
9287;0;1612;0;1
9288;0;1612;0;1
9289;0;1612;0;1
9290;0;1612;0;1
9291;0;1612;0;1
9292;0;1612;0;1
9293;0;1612;0;1
9294;0;1612;0;1
9295;0;1612;0;1
9296;0;1612;0;1
9297;0;1612;0;1
9298;0;1612;0;1
9299;0;1612;0;1
9300;0;1612;0;1
9301;0;1612;0;1
9302;0;1612;0;1
9303;0;1612;0;1
9304;0;1612;0;1
9305;0;1612;0;1
9306;0;1612;0;1
9307;0;1612;0;1
9308;0;1612;0;1
9309;0;1612;0;1
9310;0;1612;0;1
9311;0;1612;0;1
9312;0;1612;0;1
9313;0;1612;0;1
9314;0;1612;0;1
9315;0;1612;0;1
9316;0;1612;0;1
9317;0;1612;0;1
9318;0;1612;0;1
9319;0;1612;0;1
9320;0;1612;0;1
9321;0;1612;0;1
9322;0;1612;0;1
9323;0;1612;0;1
9324;0;1612;0;1
9325;0;1612;0;1
9326;0;1612;0;1
9327;0;1612;0;1
9328;0;1612;0;1
9329;0;1612;0;1
9330;0;1612;0;1
9331;0;1612;0;1
9332;0;1612;0;1
9333;0;1612;0;1
9334;0;1612;0;1
9335;0;1612;0;1
9336;0;1612;0;1
9337;0;1612;0;1
9338;0;1612;0;1
9339;0;1612;0;1
9340;0;1612;0;1
9341;0;1612;0;1
9342;0;1612;0;1
9343;0;1612;0;1
9344;0;1612;0;1
9345;0;1612;0;1
9346;0;1612;0;1
9347;0;1612;0;1
9348;0;1612;0;1
9349;0;1612;0;1
9350;0;1612;0;1
9351;0;1612;0;1
9352;0;1612;0;1
9353;0;1612;0;1
9354;0;1612;0;1
9355;0;1612;0;1
9356;0;1612;0;1
9357;0;1612;0;1
9358;0;1612;0;1
9359;0;1612;0;1
9360;0;1612;0;1
9361;0;1612;0;1
9362;0;1612;0;1
9363;0;1612;0;1
9364;0;1612;0;1
9365;0;1612;0;1
9366;0;1612;0;1
9367;0;1612;0;1
9368;0;1612;0;1
9369;0;1612;0;1
9370;0;1612;0;1
9371;0;1612;0;1
9372;0;1612;0;1
9373;0;1612;0;1
9374;0;1612;0;1
9375;0;1612;0;1
9376;0;1612;0;1
9377;0;1612;0;1
9378;0;1612;0;1
9379;0;1612;0;1
9380;0;1612;0;1
9381;0;1612;0;1
9382;0;1612;0;1
9383;0;1612;0;1
9384;0;1612;0;1
9385;0;1612;0;1
9386;0;1612;0;1
9387;0;1612;0;1
9388;0;1612;0;1
9389;0;1612;0;1
9390;0;1612;0;1
9391;0;1612;0;1
9392;0;1612;0;1
9393;0;1612;0;1
9394;0;1612;0;1
9395;0;1612;0;1
9396;0;1612;0;1
9397;0;1612;0;1
9398;0;1612;0;1
9399;0;1612;0;1
9400;0;1612;0;1
9401;0;1612;0;1
9402;0;1612;0;1
9403;0;1612;0;1
9404;0;1612;0;1
9405;0;1612;0;1
9406;0;1612;0;1
9407;0;1612;0;1
9408;0;1612;0;1
9409;0;1612;0;1
9410;0;1612;0;1
9411;0;1612;0;1
9412;0;1612;0;1
9413;0;1612;0;1
9414;0;1612;0;1
9415;0;1612;0;1
9416;0;1612;0;1
9417;0;1612;0;1
9418;0;1612;0;1
9419;0;1612;0;1
9420;0;1612;0;1
9421;0;1612;0;1
9422;0;1612;0;1
9423;0;1612;0;1
9424;0;1612;0;1
9425;0;1612;0;1
9426;0;1612;0;1
9427;0;1612;0;1
9428;0;1612;0;1
9429;0;1612;0;1
9430;0;1612;0;1
9431;0;1612;0;1
9432;0;1612;0;1
9433;0;1612;0;1
9434;0;1612;0;1
9435;0;1612;0;1
9436;0;1612;0;1
9437;0;1612;0;1
9438;0;1612;0;1
9439;0;1612;0;1
9440;0;1612;0;1
9441;0;1612;0;1
9442;0;1612;0;1
9443;0;1612;0;1
9444;0;1612;0;1
9445;0;1612;0;1
9446;0;1612;0;1
9447;0;1612;0;1
9448;0;1612;0;1
9449;0;1612;0;1
9450;0;1612;0;1
9451;0;1612;0;1
9452;0;1612;0;1
9453;0;1612;0;1
9454;0;1612;0;1
9455;0;1612;0;1
9456;0;1612;0;1
9457;0;1612;0;1
9458;0;1612;0;1
9459;0;1612;0;1
9460;0;1612;0;1
9461;0;1612;0;1
9462;0;1612;0;1
9463;0;1612;0;1
9464;0;1612;0;1
9465;0;1612;0;1
9466;0;1612;0;1
9467;0;1612;0;1
9468;0;1612;0;1
9469;0;1612;0;1
9470;0;1612;0;1
9471;0;1612;0;1
9472;0;1612;0;1
9473;0;1612;0;1
9474;0;1612;0;1
9475;0;1612;0;1
9476;0;1612;0;1
9477;0;1612;0;1
9478;0;1612;0;1
9479;0;1612;0;1
9480;0;1612;0;1
9481;0;1612;0;1
9482;0;1612;0;1
9483;0;1612;0;1
9484;0;1612;0;1
9485;0;1612;0;1
9486;0;1612;0;1
9487;0;1612;0;1
9488;0;1612;0;1
9489;0;1612;0;1
9490;0;1612;0;1
9491;0;1612;0;1
9492;0;1612;0;1
9493;0;1612;0;1
9494;0;1612;0;1
9495;0;1612;0;1
9496;0;1612;0;1
9497;0;1612;0;1
9498;0;1612;0;1
9499;0;1612;0;1
9500;0;1612;0;1
9501;0;1612;0;1
9502;0;1612;0;1
9503;0;1612;0;1
9504;0;1612;0;1
9505;0;1612;0;1
9506;0;1612;0;1
9507;0;1612;0;1
9508;0;1612;0;1
9509;0;1612;0;1
9510;0;1612;0;1
9511;0;1612;0;1
9512;0;1612;0;1
9513;0;1612;0;1
9514;0;1612;0;1
9515;0;1612;0;1
9516;0;1612;0;1
9517;0;1612;0;1
9518;0;1612;0;1
9519;0;1612;0;1
9520;0;1612;0;1
9521;0;1612;0;1
9522;0;1612;0;1
9523;0;1612;0;1
9524;0;1612;0;1
9525;0;1612;0;1
9526;0;1612;0;1
9527;0;1612;0;1
9528;0;1612;0;1
9529;0;1612;0;1
9530;0;1612;0;1
9531;0;1612;0;1
9532;0;1612;0;1
9533;0;1612;0;1
9534;0;1612;0;1
9535;0;1612;0;1
9536;0;1612;0;1
9537;0;1612;0;1
9538;0;1612;0;1
9539;0;1612;0;1
9540;0;1612;0;1
9541;0;1612;0;1
9542;0;1612;0;1
9543;0;1612;0;1
9544;0;1612;0;1
9545;0;1612;0;1
9546;0;1612;0;1
9547;0;1612;0;1
9548;0;1612;0;1
9549;0;1612;0;1
9550;0;1612;0;1
9551;0;1612;0;1
9552;0;1612;0;1
9553;0;1612;0;1
9554;0;1612;0;1
9555;0;1612;0;1
9556;0;1612;0;1
9557;0;1612;0;1
9558;0;1612;0;1
9559;0;1612;0;1
9560;0;1612;0;1
9561;0;1612;0;1
9562;0;1612;0;1
9563;0;1612;0;1
9564;0;1612;0;1
9565;0;1612;0;1
9566;0;1612;0;1
9567;0;1612;0;1
9568;0;1612;0;1
9569;0;1612;0;1
9570;0;1612;0;1
9571;0;1612;0;1
9572;0;1612;0;1
9573;0;1612;0;1
9574;0;1612;0;1
9575;0;1612;0;1
9576;0;1612;0;1
9577;0;1612;0;1
9578;0;1612;0;1
9579;0;1612;0;1
9580;0;1612;0;1
9581;0;1612;0;1
9582;0;1612;0;1
9583;0;1612;0;1
9584;0;1612;0;1
9585;0;1612;0;1
9586;0;1612;0;1
9587;0;1612;0;1
9588;0;1612;0;1
9589;0;1612;0;1
9590;0;1612;0;1
9591;0;1612;0;1
9592;0;1612;0;1
9593;0;1612;0;1
9594;0;1612;0;1
9595;0;1612;0;1
9596;0;1612;0;1
9597;0;1612;0;1
9598;0;1612;0;1
9599;0;1612;0;1
9600;0;1612;0;1
9601;0;1612;0;1
9602;0;1612;0;1
9603;0;1612;0;1
9604;0;1612;0;1
9605;0;1612;0;1
9606;0;1612;0;1
9607;0;1612;0;1
9608;0;1612;0;1
9609;0;1612;0;1
9610;0;1612;0;1
9611;0;1612;0;1
9612;0;1612;0;1
9613;0;1612;0;1
9614;0;1612;0;1
9615;0;1612;0;1
9616;0;1612;0;1
9617;0;1612;0;1
9618;0;1612;0;1
9619;0;1612;0;1
9620;0;1612;0;1
9621;0;1612;0;1
9622;0;1612;0;1
9623;0;1612;0;1
9624;0;1612;0;1
9625;0;1612;0;1
9626;0;1612;0;1
9627;0;1612;0;1
9628;0;1612;0;1
9629;0;1612;0;1
9630;0;1612;0;1
9631;0;1612;0;1
9632;0;1612;0;1
9633;0;1612;0;1
9634;0;1612;0;1
9635;0;1612;0;1
9636;0;1612;0;1
9637;0;1612;0;1
9638;0;1612;0;1
9639;0;1612;0;1
9640;0;1612;0;1
9641;0;1612;0;1
9642;0;1612;0;1
9643;0;1612;0;1
9644;0;1612;0;1
9645;0;1612;0;1
9646;0;1612;0;1
9647;0;1612;0;1
9648;0;1612;0;1
9649;0;1612;0;1
9650;0;1612;0;1
9651;0;1612;0;1
9652;0;1612;0;1
9653;0;1612;0;1
9654;0;1612;0;1
9655;0;1612;0;1
9656;0;1612;0;1
9657;0;1612;0;1
9658;0;1612;0;1
9659;0;1612;0;1
9660;0;1612;0;1
9661;0;1612;0;1
9662;0;1612;0;1
9663;0;1612;0;1
9664;0;1612;0;1
9665;0;1612;0;1
9666;0;1612;0;1
9667;0;1612;0;1
9668;0;1612;0;1
9669;0;1612;0;1
9670;0;1612;0;1
9671;0;1612;0;1
9672;0;1612;0;1
9673;0;1612;0;1
9674;0;1612;0;1
9675;0;1612;0;1
9676;0;1612;0;1
9677;0;1612;0;1
9678;0;1612;0;1
9679;0;1612;0;1
9680;0;1612;0;1
9681;0;1612;0;1
9682;0;1612;0;1
9683;0;1612;0;1
9684;0;1612;0;1
9685;0;1612;0;1
9686;0;1612;0;1
9687;0;1612;0;1
9688;0;1612;0;1
9689;0;1612;0;1
9690;0;1612;0;1
9691;0;1612;0;1
9692;0;1612;0;1
9693;0;1612;0;1
9694;0;1612;0;1
9695;0;1612;0;1
9696;0;1612;0;1
9697;0;1612;0;1
9698;0;1612;0;1
9699;0;1612;0;1
9700;0;1612;0;1
9701;0;1612;0;1
9702;0;1612;0;1
9703;0;1612;0;1
9704;0;1612;0;1
9705;0;1612;0;1
9706;0;1612;0;1
9707;0;1612;0;1
9708;0;1612;0;1
9709;0;1612;0;1
9710;0;1612;0;1
9711;0;1612;0;1
9712;0;1612;0;1
9713;0;1612;0;1
9714;0;1612;0;1
9715;0;1612;0;1
9716;0;1612;0;1
9717;0;1612;0;1
9718;0;1612;0;1
9719;0;1612;0;1
9720;0;1612;0;1
9721;0;1612;0;1
9722;0;1612;0;1
9723;0;1612;0;1
9724;0;1612;0;1
9725;0;1612;0;1
9726;0;1612;0;1
9727;0;1612;0;1
9728;0;1612;0;1
9729;0;1612;0;1
9730;0;1612;0;1
9731;0;1612;0;1
9732;0;1612;0;1
9733;0;1612;0;1
9734;0;1612;0;1
9735;0;1612;0;1
9736;0;1612;0;1
9737;0;1612;0;1
9738;0;1612;0;1
9739;0;1612;0;1
9740;0;1612;0;1
9741;0;1612;0;1
9742;0;1612;0;1
9743;0;1612;0;1
9744;0;1612;0;1
9745;0;1612;0;1
9746;0;1612;0;1
9747;0;1612;0;1
9748;0;1612;0;1
9749;0;1612;0;1
9750;0;1612;0;1
9751;0;1612;0;1
9752;0;1612;0;1
9753;0;1612;0;1
9754;0;1612;0;1
9755;0;1612;0;1
9756;0;1612;0;1
9757;0;1612;0;1
9758;0;1612;0;1
9759;0;1612;0;1
9760;0;1612;0;1
9761;0;1612;0;1
9762;0;1612;0;1
9763;0;1612;0;1
9764;0;1612;0;1
9765;0;1612;0;1
9766;0;1612;0;1
9767;0;1612;0;1
9768;0;1612;0;1
9769;0;1612;0;1
9770;0;1612;0;1
9771;0;1612;0;1
9772;0;1612;0;1
9773;0;1612;0;1
9774;0;1612;0;1
9775;0;1612;0;1
9776;0;1612;0;1
9777;0;1612;0;1
9778;0;1612;0;1
9779;0;1612;0;1
9780;0;1612;0;1
9781;0;1612;0;1
9782;0;1612;0;1
9783;0;1612;0;1
9784;0;1612;0;1
9785;0;1612;0;1
9786;0;1612;0;1
9787;0;1612;0;1
9788;0;1612;0;1
9789;0;1612;0;1
9790;0;1612;0;1
9791;0;1612;0;1
9792;0;1612;0;1
9793;0;1612;0;1
9794;0;1612;0;1
9795;0;1612;0;1
9796;0;1612;0;1
9797;0;1612;0;1
9798;0;1612;0;1
9799;0;1612;0;1
9800;0;1612;0;1
9801;0;1612;0;1
9802;0;1612;0;1
9803;0;1612;0;1
9804;0;1612;0;1
9805;0;1612;0;1
9806;0;1612;0;1
9807;0;1612;0;1
9808;0;1612;0;1
9809;0;1612;0;1
9810;0;1612;0;1
9811;0;1612;0;1
9812;0;1612;0;1
9813;0;1612;0;1
9814;0;1612;0;1
9815;0;1612;0;1
9816;0;1612;0;1
9817;0;1612;0;1
9818;0;1612;0;1
9819;0;1612;0;1
9820;0;1612;0;1
9821;0;1612;0;1
9822;0;1612;0;1
9823;0;1612;0;1
9824;0;1612;0;1
9825;0;1612;0;1
9826;0;1612;0;1
9827;0;1612;0;1
9828;0;1612;0;1
9829;0;1612;0;1
9830;0;1612;0;1
9831;0;1612;0;1
9832;0;1612;0;1
9833;0;1612;0;1
9834;0;1612;0;1
9835;0;1612;0;1
9836;0;1612;0;1
9837;0;1612;0;1
9838;0;1612;0;1
9839;0;1612;0;1
9840;0;1612;0;1
9841;0;1612;0;1
9842;0;1612;0;1
9843;0;1612;0;1
9844;0;1612;0;1
9845;0;1612;0;1
9846;0;1612;0;1
9847;0;1612;0;1
9848;0;1612;0;1
9849;0;1612;0;1
9850;0;1612;0;1
9851;0;1612;0;1
9852;0;1612;0;1
9853;0;1612;0;1
9854;0;1612;0;1
9855;0;1612;0;1
9856;0;1612;0;1
9857;0;1612;0;1
9858;0;1612;0;1
9859;0;1612;0;1
9860;0;1612;0;1
9861;0;1612;0;1
9862;0;1612;0;1
9863;0;1612;0;1
9864;0;1612;0;1
9865;0;1612;0;1
9866;0;1612;0;1
9867;0;1612;0;1
9868;0;1612;0;1
9869;0;1612;0;1
9870;0;1612;0;1
9871;0;1612;0;1
9872;0;1612;0;1
9873;0;1612;0;1
9874;0;1612;0;1
9875;0;1612;0;1
9876;0;1612;0;1
9877;0;1612;0;1
9878;0;1612;0;1
9879;0;1612;0;1
9880;0;1612;0;1
9881;0;1612;0;1
9882;0;1612;0;1
9883;0;1612;0;1
9884;0;1612;0;1
9885;0;1612;0;1
9886;0;1612;0;1
9887;0;1612;0;1
9888;0;1612;0;1
9889;0;1612;0;1
9890;0;1612;0;1
9891;0;1612;0;1
9892;0;1612;0;1
9893;0;1612;0;1
9894;0;1612;0;1
9895;0;1612;0;1
9896;0;1612;0;1
9897;0;1612;0;1
9898;0;1612;0;1
9899;0;1612;0;1
9900;0;1612;0;1
9901;0;1612;0;1
9902;0;1612;0;1
9903;0;1612;0;1
9904;0;1612;0;1
9905;0;1612;0;1
9906;0;1612;0;1
9907;0;1612;0;1
9908;0;1612;0;1
9909;0;1612;0;1
9910;0;1612;0;1
9911;0;1612;0;1
9912;0;1612;0;1
9913;0;1612;0;1
9914;0;1612;0;1
9915;0;1612;0;1
9916;0;1612;0;1
9917;0;1612;0;1
9918;0;1612;0;1
9919;0;1612;0;1
9920;0;1612;0;1
9921;0;1612;0;1
9922;0;1612;0;1
9923;0;1612;0;1
9924;0;1612;0;1
9925;0;1612;0;1
9926;0;1612;0;1
9927;0;1612;0;1
9928;0;1612;0;1
9929;0;1612;0;1
9930;0;1612;0;1
9931;0;1612;0;1
9932;0;1612;0;1
9933;0;1612;0;1
9934;0;1612;0;1
9935;0;1612;0;1
9936;0;1612;0;1
9937;0;1612;0;1
9938;0;1612;0;1
9939;0;1612;0;1
9940;0;1612;0;1
9941;0;1612;0;1
9942;0;1612;0;1
9943;0;1612;0;1
9944;0;1612;0;1
9945;0;1612;0;1
9946;0;1612;0;1
9947;0;1612;0;1
9948;0;1612;0;1
9949;0;1612;0;1
9950;0;1612;0;1
9951;0;1612;0;1
9952;0;1612;0;1
9953;0;1612;0;1
9954;0;1612;0;1
9955;0;1612;0;1
9956;0;1612;0;1
9957;0;1612;0;1
9958;0;1612;0;1
9959;0;1612;0;1
9960;0;1612;0;1
9961;0;1612;0;1
9962;0;1612;0;1
9963;0;1612;0;1
9964;0;1612;0;1
9965;0;1612;0;1
9966;0;1612;0;1
9967;0;1612;0;1
9968;0;1612;0;1
9969;0;1612;0;1
9970;0;1612;0;1
9971;0;1612;0;1
9972;0;1612;0;1
9973;0;1612;0;1
9974;0;1612;0;1
9975;0;1612;0;1
9976;0;1612;0;1
9977;0;1612;0;1
9978;0;1612;0;1
9979;0;1612;0;1
9980;0;1612;0;1
9981;0;1612;0;1
9982;0;1612;0;1
9983;0;1612;0;1
9984;0;1612;0;1
9985;0;1612;0;1
9986;0;1612;0;1
9987;0;1612;0;1
9988;0;1612;0;1
9989;0;1612;0;1
9990;0;1612;0;1
9991;0;1612;0;1
9992;0;1612;0;1
9993;0;1612;0;1
9994;0;1612;0;1
9995;0;1612;0;1
9996;0;1612;0;1
9997;0;1612;0;1
9998;0;1612;0;1
9999;0;1612;0;1
10000;0;1612;0;1
10001;0;1612;0;1
10002;0;1612;0;1
10003;0;1612;0;1
10004;0;1612;0;1
10005;0;1612;0;1
10006;0;1612;0;1
10007;0;1612;0;1
10008;0;1612;0;1
10009;0;1612;0;1
10010;0;1612;0;1
10011;0;1612;0;1
10012;0;1612;0;1
10013;0;1612;0;1
10014;0;1612;0;1
10015;0;1612;0;1
10016;0;1612;0;1
10017;0;1612;0;1
10018;0;1612;0;1
10019;0;1612;0;1
10020;0;1612;0;1
10021;0;1612;0;1
10022;0;1612;0;1
10023;0;1612;0;1
10024;0;1612;0;1
10025;0;1612;0;1
10026;0;1612;0;1
10027;0;1612;0;1
10028;0;1612;0;1
10029;0;1612;0;1
10030;0;1612;0;1
10031;0;1612;0;1
10032;0;1612;0;1
10033;0;1612;0;1
10034;0;1612;0;1
10035;0;1612;0;1
10036;0;1612;0;1
10037;0;1612;0;1
10038;0;1612;0;1
10039;0;1612;0;1
10040;0;1612;0;1
10041;0;1612;0;1
10042;0;1612;0;1
10043;0;1612;0;1
10044;0;1612;0;1
10045;0;1612;0;1
10046;0;1612;0;1
10047;0;1612;0;1
10048;0;1612;0;1
10049;0;1612;0;1
10050;0;1612;0;1
10051;0;1612;0;1
10052;0;1612;0;1
10053;0;1612;0;1
10054;0;1612;0;1
10055;0;1612;0;1
10056;0;1612;0;1
10057;0;1612;0;1
10058;0;1612;0;1
10059;0;1612;0;1
10060;0;1612;0;1
10061;0;1612;0;1
10062;0;1612;0;1
10063;0;1612;0;1
10064;0;1612;0;1
10065;0;1612;0;1
10066;0;1612;0;1
10067;0;1612;0;1
10068;0;1612;0;1
10069;0;1612;0;1
10070;0;1612;0;1
10071;0;1612;0;1
10072;0;1612;0;1
10073;0;1612;0;1
10074;0;1612;0;1
10075;0;1612;0;1
10076;0;1612;0;1
10077;0;1612;0;1
10078;0;1612;0;1
10079;0;1612;0;1
