Slot;Anzahl;Anzahl_Sum;relativer_Anteil;relativer_Anteil_Sum
240;18;18;0.023872679;0.023872679
241;3;21;0.0039787798;0.0278514589
242;6;27;0.0079575597;0.0358090186
243;3;30;0.0039787798;0.0397877984
244;3;33;0.0039787798;0.0437665782
245;8;41;0.0106100796;0.0543766578
246;6;47;0.0079575597;0.0623342175
247;8;55;0.0106100796;0.0729442971
248;4;59;0.0053050398;0.0782493369
249;1;60;0.0013262599;0.0795755968
250;9;69;0.0119363395;0.0915119363
251;1;70;0.0013262599;0.0928381963
252;2;72;0.0026525199;0.0954907162
253;2;74;0.0026525199;0.0981432361
254;1;75;0.0013262599;0.099469496
255;10;85;0.0132625995;0.1127320955
256;7;92;0.0092838196;0.1220159151
257;3;95;0.0039787798;0.125994695
258;1;96;0.0013262599;0.1273209549
259;2;98;0.0026525199;0.1299734748
260;10;108;0.0132625995;0.1432360743
261;2;110;0.0026525199;0.1458885942
262;1;111;0.0013262599;0.1472148541
263;3;114;0.0039787798;0.151193634
264;1;115;0.0013262599;0.1525198939
265;6;121;0.0079575597;0.1604774536
266;4;125;0.0053050398;0.1657824934
267;1;126;0.0013262599;0.1671087533
268;0;126;0;0.1671087533
269;1;127;0.0013262599;0.1684350133
270;13;140;0.0172413793;0.1856763926
271;3;143;0.0039787798;0.1896551724
272;2;145;0.0026525199;0.1923076923
273;0;145;0;0.1923076923
274;2;147;0.0026525199;0.1949602122
275;11;158;0.0145888594;0.2095490716
276;3;161;0.0039787798;0.2135278515
277;1;162;0.0013262599;0.2148541114
278;0;162;0;0.2148541114
279;2;164;0.0026525199;0.2175066313
280;7;171;0.0092838196;0.2267904509
281;2;173;0.0026525199;0.2294429708
282;4;177;0.0053050398;0.2347480106
283;1;178;0.0013262599;0.2360742706
284;1;179;0.0013262599;0.2374005305
285;10;189;0.0132625995;0.25066313
286;1;190;0.0013262599;0.2519893899
287;2;192;0.0026525199;0.2546419098
288;2;194;0.0026525199;0.2572944297
289;2;196;0.0026525199;0.2599469496
290;2;198;0.0026525199;0.2625994695
291;2;200;0.0026525199;0.2652519894
292;2;202;0.0026525199;0.2679045093
293;4;206;0.0053050398;0.2732095491
294;4;210;0.0053050398;0.2785145889
295;5;215;0.0066312997;0.2851458886
296;1;216;0.0013262599;0.2864721485
297;0;216;0;0.2864721485
298;1;217;0.0013262599;0.2877984085
299;0;217;0;0.2877984085
300;11;228;0.0145888594;0.3023872679
301;3;231;0.0039787798;0.3063660477
302;2;233;0.0026525199;0.3090185676
303;2;235;0.0026525199;0.3116710875
304;3;238;0.0039787798;0.3156498674
305;9;247;0.0119363395;0.3275862069
306;1;248;0.0013262599;0.3289124668
307;3;251;0.0039787798;0.3328912467
308;1;252;0.0013262599;0.3342175066
309;0;252;0;0.3342175066
310;9;261;0.0119363395;0.3461538462
311;2;263;0.0026525199;0.348806366
312;1;264;0.0013262599;0.350132626
313;2;266;0.0026525199;0.3527851459
314;0;266;0;0.3527851459
315;6;272;0.0079575597;0.3607427056
316;3;275;0.0039787798;0.3647214854
317;0;275;0;0.3647214854
318;1;276;0.0013262599;0.3660477454
319;1;277;0.0013262599;0.3673740053
320;11;288;0.0145888594;0.3819628647
321;2;290;0.0026525199;0.3846153846
322;2;292;0.0026525199;0.3872679045
323;3;295;0.0039787798;0.3912466844
324;0;295;0;0.3912466844
325;9;304;0.0119363395;0.4031830239
326;3;307;0.0039787798;0.4071618037
327;3;310;0.0039787798;0.4111405836
328;0;310;0;0.4111405836
329;1;311;0.0013262599;0.4124668435
330;8;319;0.0106100796;0.4230769231
331;2;321;0.0026525199;0.425729443
332;0;321;0;0.425729443
333;0;321;0;0.425729443
334;1;322;0.0013262599;0.4270557029
335;5;327;0.0066312997;0.4336870027
336;1;328;0.0013262599;0.4350132626
337;5;333;0.0066312997;0.4416445623
338;1;334;0.0013262599;0.4429708223
339;0;334;0;0.4429708223
340;4;338;0.0053050398;0.4482758621
341;0;338;0;0.4482758621
342;1;339;0.0013262599;0.449602122
343;1;340;0.0013262599;0.450928382
344;1;341;0.0013262599;0.4522546419
345;7;348;0.0092838196;0.4615384615
346;1;349;0.0013262599;0.4628647215
347;2;351;0.0026525199;0.4655172414
348;1;352;0.0013262599;0.4668435013
349;0;352;0;0.4668435013
350;7;359;0.0092838196;0.476127321
351;2;361;0.0026525199;0.4787798408
352;2;363;0.0026525199;0.4814323607
353;2;365;0.0026525199;0.4840848806
354;1;366;0.0013262599;0.4854111406
355;3;369;0.0039787798;0.4893899204
356;5;374;0.0066312997;0.4960212202
357;3;377;0.0039787798;0.5
358;2;379;0.0026525199;0.5026525199
359;2;381;0.0026525199;0.5053050398
360;7;388;0.0092838196;0.5145888594
361;1;389;0.0013262599;0.5159151194
362;2;391;0.0026525199;0.5185676393
363;1;392;0.0013262599;0.5198938992
364;1;393;0.0013262599;0.5212201592
365;3;396;0.0039787798;0.525198939
366;2;398;0.0026525199;0.5278514589
367;2;400;0.0026525199;0.5305039788
368;0;400;0;0.5305039788
369;1;401;0.0013262599;0.5318302387
370;5;406;0.0066312997;0.5384615385
371;0;406;0;0.5384615385
372;0;406;0;0.5384615385
373;1;407;0.0013262599;0.5397877984
374;0;407;0;0.5397877984
375;3;410;0.0039787798;0.5437665782
376;1;411;0.0013262599;0.5450928382
377;3;414;0.0039787798;0.549071618
378;0;414;0;0.549071618
379;0;414;0;0.549071618
380;1;415;0.0013262599;0.550397878
381;4;419;0.0053050398;0.5557029178
382;1;420;0.0013262599;0.5570291777
383;1;421;0.0013262599;0.5583554377
384;1;422;0.0013262599;0.5596816976
385;4;426;0.0053050398;0.5649867374
386;3;429;0.0039787798;0.5689655172
387;0;429;0;0.5689655172
388;1;430;0.0013262599;0.5702917772
389;1;431;0.0013262599;0.5716180371
390;4;435;0.0053050398;0.5769230769
391;4;439;0.0053050398;0.5822281167
392;1;440;0.0013262599;0.5835543767
393;1;441;0.0013262599;0.5848806366
394;1;442;0.0013262599;0.5862068966
395;6;448;0.0079575597;0.5941644562
396;2;450;0.0026525199;0.5968169761
397;2;452;0.0026525199;0.599469496
398;2;454;0.0026525199;0.6021220159
399;0;454;0;0.6021220159
400;3;457;0.0039787798;0.6061007958
401;0;457;0;0.6061007958
402;0;457;0;0.6061007958
403;0;457;0;0.6061007958
404;2;459;0.0026525199;0.6087533156
405;2;461;0.0026525199;0.6114058355
406;3;464;0.0039787798;0.6153846154
407;0;464;0;0.6153846154
408;2;466;0.0026525199;0.6180371353
409;0;466;0;0.6180371353
410;2;468;0.0026525199;0.6206896552
411;3;471;0.0039787798;0.624668435
412;3;474;0.0039787798;0.6286472149
413;0;474;0;0.6286472149
414;1;475;0.0013262599;0.6299734748
415;0;475;0;0.6299734748
416;2;477;0.0026525199;0.6326259947
417;0;477;0;0.6326259947
418;1;478;0.0013262599;0.6339522546
419;0;478;0;0.6339522546
420;3;481;0.0039787798;0.6379310345
421;2;483;0.0026525199;0.6405835544
422;2;485;0.0026525199;0.6432360743
423;1;486;0.0013262599;0.6445623342
424;0;486;0;0.6445623342
425;2;488;0.0026525199;0.6472148541
426;1;489;0.0013262599;0.6485411141
427;1;490;0.0013262599;0.649867374
428;0;490;0;0.649867374
429;0;490;0;0.649867374
430;1;491;0.0013262599;0.651193634
431;0;491;0;0.651193634
432;1;492;0.0013262599;0.6525198939
433;1;493;0.0013262599;0.6538461538
434;2;495;0.0026525199;0.6564986737
435;3;498;0.0039787798;0.6604774536
436;1;499;0.0013262599;0.6618037135
437;1;500;0.0013262599;0.6631299735
438;0;500;0;0.6631299735
439;2;502;0.0026525199;0.6657824934
440;4;506;0.0053050398;0.6710875332
441;0;506;0;0.6710875332
442;0;506;0;0.6710875332
443;0;506;0;0.6710875332
444;1;507;0.0013262599;0.6724137931
445;2;509;0.0026525199;0.675066313
446;1;510;0.0013262599;0.6763925729
447;2;512;0.0026525199;0.6790450928
448;1;513;0.0013262599;0.6803713528
449;1;514;0.0013262599;0.6816976127
450;4;518;0.0053050398;0.6870026525
451;4;522;0.0053050398;0.6923076923
452;0;522;0;0.6923076923
453;1;523;0.0013262599;0.6936339523
454;0;523;0;0.6936339523
455;1;524;0.0013262599;0.6949602122
456;1;525;0.0013262599;0.6962864721
457;1;526;0.0013262599;0.6976127321
458;0;526;0;0.6976127321
459;2;528;0.0026525199;0.700265252
460;3;531;0.0039787798;0.7042440318
461;1;532;0.0013262599;0.7055702918
462;0;532;0;0.7055702918
463;0;532;0;0.7055702918
464;0;532;0;0.7055702918
465;1;533;0.0013262599;0.7068965517
466;1;534;0.0013262599;0.7082228117
467;2;536;0.0026525199;0.7108753316
468;2;538;0.0026525199;0.7135278515
469;1;539;0.0013262599;0.7148541114
470;2;541;0.0026525199;0.7175066313
471;1;542;0.0013262599;0.7188328912
472;0;542;0;0.7188328912
473;1;543;0.0013262599;0.7201591512
474;0;543;0;0.7201591512
475;1;544;0.0013262599;0.7214854111
476;0;544;0;0.7214854111
477;1;545;0.0013262599;0.7228116711
478;0;545;0;0.7228116711
479;0;545;0;0.7228116711
480;4;549;0.0053050398;0.7281167109
481;0;549;0;0.7281167109
482;0;549;0;0.7281167109
483;1;550;0.0013262599;0.7294429708
484;0;550;0;0.7294429708
485;1;551;0.0013262599;0.7307692308
486;0;551;0;0.7307692308
487;1;552;0.0013262599;0.7320954907
488;2;554;0.0026525199;0.7347480106
489;2;556;0.0026525199;0.7374005305
490;2;558;0.0026525199;0.7400530504
491;1;559;0.0013262599;0.7413793103
492;0;559;0;0.7413793103
493;0;559;0;0.7413793103
494;0;559;0;0.7413793103
495;3;562;0.0039787798;0.7453580902
496;0;562;0;0.7453580902
497;0;562;0;0.7453580902
498;0;562;0;0.7453580902
499;1;563;0.0013262599;0.7466843501
500;0;563;0;0.7466843501
501;0;563;0;0.7466843501
502;1;564;0.0013262599;0.7480106101
503;0;564;0;0.7480106101
504;0;564;0;0.7480106101
505;3;567;0.0039787798;0.7519893899
506;1;568;0.0013262599;0.7533156499
507;0;568;0;0.7533156499
508;0;568;0;0.7533156499
509;0;568;0;0.7533156499
510;0;568;0;0.7533156499
511;2;570;0.0026525199;0.7559681698
512;1;571;0.0013262599;0.7572944297
513;0;571;0;0.7572944297
514;2;573;0.0026525199;0.7599469496
515;5;578;0.0066312997;0.7665782493
516;1;579;0.0013262599;0.7679045093
517;0;579;0;0.7679045093
518;0;579;0;0.7679045093
519;0;579;0;0.7679045093
520;1;580;0.0013262599;0.7692307692
521;0;580;0;0.7692307692
522;0;580;0;0.7692307692
523;0;580;0;0.7692307692
524;2;582;0.0026525199;0.7718832891
525;2;584;0.0026525199;0.774535809
526;0;584;0;0.774535809
527;1;585;0.0013262599;0.775862069
528;0;585;0;0.775862069
529;0;585;0;0.775862069
530;3;588;0.0039787798;0.7798408488
531;1;589;0.0013262599;0.7811671088
532;0;589;0;0.7811671088
533;0;589;0;0.7811671088
534;1;590;0.0013262599;0.7824933687
535;0;590;0;0.7824933687
536;0;590;0;0.7824933687
537;0;590;0;0.7824933687
538;0;590;0;0.7824933687
539;0;590;0;0.7824933687
540;0;590;0;0.7824933687
541;0;590;0;0.7824933687
542;2;592;0.0026525199;0.7851458886
543;0;592;0;0.7851458886
544;0;592;0;0.7851458886
545;4;596;0.0053050398;0.7904509284
546;0;596;0;0.7904509284
547;0;596;0;0.7904509284
548;0;596;0;0.7904509284
549;0;596;0;0.7904509284
550;2;598;0.0026525199;0.7931034483
551;1;599;0.0013262599;0.7944297082
552;0;599;0;0.7944297082
553;0;599;0;0.7944297082
554;1;600;0.0013262599;0.7957559682
555;3;603;0.0039787798;0.799734748
556;1;604;0.0013262599;0.801061008
557;0;604;0;0.801061008
558;0;604;0;0.801061008
559;1;605;0.0013262599;0.8023872679
560;1;606;0.0013262599;0.8037135279
561;1;607;0.0013262599;0.8050397878
562;0;607;0;0.8050397878
563;0;607;0;0.8050397878
564;1;608;0.0013262599;0.8063660477
565;1;609;0.0013262599;0.8076923077
566;0;609;0;0.8076923077
567;1;610;0.0013262599;0.8090185676
568;0;610;0;0.8090185676
569;0;610;0;0.8090185676
570;3;613;0.0039787798;0.8129973475
571;0;613;0;0.8129973475
572;0;613;0;0.8129973475
573;0;613;0;0.8129973475
574;0;613;0;0.8129973475
575;0;613;0;0.8129973475
576;1;614;0.0013262599;0.8143236074
577;0;614;0;0.8143236074
578;0;614;0;0.8143236074
579;0;614;0;0.8143236074
580;0;614;0;0.8143236074
581;0;614;0;0.8143236074
582;0;614;0;0.8143236074
583;0;614;0;0.8143236074
584;0;614;0;0.8143236074
585;1;615;0.0013262599;0.8156498674
586;0;615;0;0.8156498674
587;0;615;0;0.8156498674
588;1;616;0.0013262599;0.8169761273
589;0;616;0;0.8169761273
590;0;616;0;0.8169761273
591;0;616;0;0.8169761273
592;1;617;0.0013262599;0.8183023873
593;0;617;0;0.8183023873
594;0;617;0;0.8183023873
595;1;618;0.0013262599;0.8196286472
596;1;619;0.0013262599;0.8209549072
597;0;619;0;0.8209549072
598;0;619;0;0.8209549072
599;0;619;0;0.8209549072
600;1;620;0.0013262599;0.8222811671
601;1;621;0.0013262599;0.8236074271
602;0;621;0;0.8236074271
603;0;621;0;0.8236074271
604;0;621;0;0.8236074271
605;1;622;0.0013262599;0.824933687
606;1;623;0.0013262599;0.8262599469
607;0;623;0;0.8262599469
608;1;624;0.0013262599;0.8275862069
609;0;624;0;0.8275862069
610;0;624;0;0.8275862069
611;0;624;0;0.8275862069
612;0;624;0;0.8275862069
613;1;625;0.0013262599;0.8289124668
614;0;625;0;0.8289124668
615;1;626;0.0013262599;0.8302387268
616;0;626;0;0.8302387268
617;0;626;0;0.8302387268
618;0;626;0;0.8302387268
619;0;626;0;0.8302387268
620;1;627;0.0013262599;0.8315649867
621;0;627;0;0.8315649867
622;1;628;0.0013262599;0.8328912467
623;0;628;0;0.8328912467
624;0;628;0;0.8328912467
625;0;628;0;0.8328912467
626;1;629;0.0013262599;0.8342175066
627;1;630;0.0013262599;0.8355437666
628;0;630;0;0.8355437666
629;0;630;0;0.8355437666
630;4;634;0.0053050398;0.8408488064
631;1;635;0.0013262599;0.8421750663
632;0;635;0;0.8421750663
633;0;635;0;0.8421750663
634;1;636;0.0013262599;0.8435013263
635;0;636;0;0.8435013263
636;0;636;0;0.8435013263
637;1;637;0.0013262599;0.8448275862
638;0;637;0;0.8448275862
639;0;637;0;0.8448275862
640;2;639;0.0026525199;0.8474801061
641;0;639;0;0.8474801061
642;1;640;0.0013262599;0.848806366
643;1;641;0.0013262599;0.850132626
644;0;641;0;0.850132626
645;3;644;0.0039787798;0.8541114058
646;0;644;0;0.8541114058
647;1;645;0.0013262599;0.8554376658
648;0;645;0;0.8554376658
649;0;645;0;0.8554376658
650;0;645;0;0.8554376658
651;0;645;0;0.8554376658
652;0;645;0;0.8554376658
653;0;645;0;0.8554376658
654;0;645;0;0.8554376658
655;1;646;0.0013262599;0.8567639257
656;0;646;0;0.8567639257
657;1;647;0.0013262599;0.8580901857
658;0;647;0;0.8580901857
659;0;647;0;0.8580901857
660;1;648;0.0013262599;0.8594164456
661;0;648;0;0.8594164456
662;0;648;0;0.8594164456
663;0;648;0;0.8594164456
664;0;648;0;0.8594164456
665;0;648;0;0.8594164456
666;0;648;0;0.8594164456
667;1;649;0.0013262599;0.8607427056
668;0;649;0;0.8607427056
669;0;649;0;0.8607427056
670;0;649;0;0.8607427056
671;0;649;0;0.8607427056
672;1;650;0.0013262599;0.8620689655
673;0;650;0;0.8620689655
674;0;650;0;0.8620689655
675;1;651;0.0013262599;0.8633952255
676;0;651;0;0.8633952255
677;0;651;0;0.8633952255
678;0;651;0;0.8633952255
679;0;651;0;0.8633952255
680;0;651;0;0.8633952255
681;0;651;0;0.8633952255
682;0;651;0;0.8633952255
683;1;652;0.0013262599;0.8647214854
684;0;652;0;0.8647214854
685;0;652;0;0.8647214854
686;0;652;0;0.8647214854
687;0;652;0;0.8647214854
688;0;652;0;0.8647214854
689;0;652;0;0.8647214854
690;1;653;0.0013262599;0.8660477454
691;1;654;0.0013262599;0.8673740053
692;0;654;0;0.8673740053
693;0;654;0;0.8673740053
694;0;654;0;0.8673740053
695;3;657;0.0039787798;0.8713527851
696;2;659;0.0026525199;0.874005305
697;1;660;0.0013262599;0.875331565
698;0;660;0;0.875331565
699;0;660;0;0.875331565
700;2;662;0.0026525199;0.8779840849
701;0;662;0;0.8779840849
702;0;662;0;0.8779840849
703;0;662;0;0.8779840849
704;0;662;0;0.8779840849
705;1;663;0.0013262599;0.8793103448
706;0;663;0;0.8793103448
707;0;663;0;0.8793103448
708;0;663;0;0.8793103448
709;0;663;0;0.8793103448
710;1;664;0.0013262599;0.8806366048
711;0;664;0;0.8806366048
712;0;664;0;0.8806366048
713;0;664;0;0.8806366048
714;1;665;0.0013262599;0.8819628647
715;0;665;0;0.8819628647
716;0;665;0;0.8819628647
717;0;665;0;0.8819628647
718;0;665;0;0.8819628647
719;0;665;0;0.8819628647
720;0;665;0;0.8819628647
721;0;665;0;0.8819628647
722;0;665;0;0.8819628647
723;1;666;0.0013262599;0.8832891247
724;1;667;0.0013262599;0.8846153846
725;0;667;0;0.8846153846
726;0;667;0;0.8846153846
727;0;667;0;0.8846153846
728;0;667;0;0.8846153846
729;0;667;0;0.8846153846
730;0;667;0;0.8846153846
731;1;668;0.0013262599;0.8859416446
732;1;669;0.0013262599;0.8872679045
733;0;669;0;0.8872679045
734;0;669;0;0.8872679045
735;1;670;0.0013262599;0.8885941645
736;0;670;0;0.8885941645
737;1;671;0.0013262599;0.8899204244
738;0;671;0;0.8899204244
739;0;671;0;0.8899204244
740;2;673;0.0026525199;0.8925729443
741;1;674;0.0013262599;0.8938992042
742;0;674;0;0.8938992042
743;1;675;0.0013262599;0.8952254642
744;0;675;0;0.8952254642
745;0;675;0;0.8952254642
746;0;675;0;0.8952254642
747;0;675;0;0.8952254642
748;0;675;0;0.8952254642
749;0;675;0;0.8952254642
750;0;675;0;0.8952254642
751;0;675;0;0.8952254642
752;0;675;0;0.8952254642
753;0;675;0;0.8952254642
754;0;675;0;0.8952254642
755;0;675;0;0.8952254642
756;0;675;0;0.8952254642
757;0;675;0;0.8952254642
758;0;675;0;0.8952254642
759;0;675;0;0.8952254642
760;0;675;0;0.8952254642
761;0;675;0;0.8952254642
762;0;675;0;0.8952254642
763;0;675;0;0.8952254642
764;0;675;0;0.8952254642
765;0;675;0;0.8952254642
766;1;676;0.0013262599;0.8965517241
767;0;676;0;0.8965517241
768;0;676;0;0.8965517241
769;0;676;0;0.8965517241
770;1;677;0.0013262599;0.8978779841
771;0;677;0;0.8978779841
772;0;677;0;0.8978779841
773;0;677;0;0.8978779841
774;0;677;0;0.8978779841
775;1;678;0.0013262599;0.899204244
776;0;678;0;0.899204244
777;0;678;0;0.899204244
778;0;678;0;0.899204244
779;0;678;0;0.899204244
780;0;678;0;0.899204244
781;0;678;0;0.899204244
782;1;679;0.0013262599;0.900530504
783;1;680;0.0013262599;0.9018567639
784;0;680;0;0.9018567639
785;2;682;0.0026525199;0.9045092838
786;1;683;0.0013262599;0.9058355438
787;0;683;0;0.9058355438
788;0;683;0;0.9058355438
789;0;683;0;0.9058355438
790;0;683;0;0.9058355438
791;0;683;0;0.9058355438
792;0;683;0;0.9058355438
793;0;683;0;0.9058355438
794;1;684;0.0013262599;0.9071618037
795;0;684;0;0.9071618037
796;0;684;0;0.9071618037
797;0;684;0;0.9071618037
798;0;684;0;0.9071618037
799;0;684;0;0.9071618037
800;0;684;0;0.9071618037
801;0;684;0;0.9071618037
802;1;685;0.0013262599;0.9084880637
803;0;685;0;0.9084880637
804;0;685;0;0.9084880637
805;0;685;0;0.9084880637
806;0;685;0;0.9084880637
807;0;685;0;0.9084880637
808;0;685;0;0.9084880637
809;0;685;0;0.9084880637
810;0;685;0;0.9084880637
811;0;685;0;0.9084880637
812;0;685;0;0.9084880637
813;0;685;0;0.9084880637
814;0;685;0;0.9084880637
815;0;685;0;0.9084880637
816;0;685;0;0.9084880637
817;0;685;0;0.9084880637
818;0;685;0;0.9084880637
819;0;685;0;0.9084880637
820;1;686;0.0013262599;0.9098143236
821;0;686;0;0.9098143236
822;0;686;0;0.9098143236
823;1;687;0.0013262599;0.9111405836
824;0;687;0;0.9111405836
825;0;687;0;0.9111405836
826;0;687;0;0.9111405836
827;0;687;0;0.9111405836
828;0;687;0;0.9111405836
829;1;688;0.0013262599;0.9124668435
830;1;689;0.0013262599;0.9137931034
831;1;690;0.0013262599;0.9151193634
832;0;690;0;0.9151193634
833;0;690;0;0.9151193634
834;0;690;0;0.9151193634
835;0;690;0;0.9151193634
836;0;690;0;0.9151193634
837;0;690;0;0.9151193634
838;0;690;0;0.9151193634
839;0;690;0;0.9151193634
840;2;692;0.0026525199;0.9177718833
841;0;692;0;0.9177718833
842;0;692;0;0.9177718833
843;0;692;0;0.9177718833
844;0;692;0;0.9177718833
845;2;694;0.0026525199;0.9204244032
846;0;694;0;0.9204244032
847;0;694;0;0.9204244032
848;0;694;0;0.9204244032
849;0;694;0;0.9204244032
850;0;694;0;0.9204244032
851;1;695;0.0013262599;0.9217506631
852;0;695;0;0.9217506631
853;0;695;0;0.9217506631
854;2;697;0.0026525199;0.924403183
855;1;698;0.0013262599;0.925729443
856;0;698;0;0.925729443
857;0;698;0;0.925729443
858;0;698;0;0.925729443
859;1;699;0.0013262599;0.9270557029
860;1;700;0.0013262599;0.9283819629
861;0;700;0;0.9283819629
862;0;700;0;0.9283819629
863;0;700;0;0.9283819629
864;0;700;0;0.9283819629
865;0;700;0;0.9283819629
866;0;700;0;0.9283819629
867;0;700;0;0.9283819629
868;0;700;0;0.9283819629
869;0;700;0;0.9283819629
870;0;700;0;0.9283819629
871;0;700;0;0.9283819629
872;1;701;0.0013262599;0.9297082228
873;0;701;0;0.9297082228
874;0;701;0;0.9297082228
875;0;701;0;0.9297082228
876;0;701;0;0.9297082228
877;0;701;0;0.9297082228
878;0;701;0;0.9297082228
879;0;701;0;0.9297082228
880;0;701;0;0.9297082228
881;0;701;0;0.9297082228
882;0;701;0;0.9297082228
883;0;701;0;0.9297082228
884;0;701;0;0.9297082228
885;0;701;0;0.9297082228
886;0;701;0;0.9297082228
887;0;701;0;0.9297082228
888;0;701;0;0.9297082228
889;0;701;0;0.9297082228
890;0;701;0;0.9297082228
891;0;701;0;0.9297082228
892;0;701;0;0.9297082228
893;0;701;0;0.9297082228
894;0;701;0;0.9297082228
895;0;701;0;0.9297082228
896;0;701;0;0.9297082228
897;0;701;0;0.9297082228
898;0;701;0;0.9297082228
899;0;701;0;0.9297082228
900;0;701;0;0.9297082228
901;0;701;0;0.9297082228
902;0;701;0;0.9297082228
903;0;701;0;0.9297082228
904;0;701;0;0.9297082228
905;0;701;0;0.9297082228
906;0;701;0;0.9297082228
907;0;701;0;0.9297082228
908;0;701;0;0.9297082228
909;0;701;0;0.9297082228
910;0;701;0;0.9297082228
911;0;701;0;0.9297082228
912;0;701;0;0.9297082228
913;0;701;0;0.9297082228
914;0;701;0;0.9297082228
915;0;701;0;0.9297082228
916;0;701;0;0.9297082228
917;0;701;0;0.9297082228
918;1;702;0.0013262599;0.9310344828
919;0;702;0;0.9310344828
920;2;704;0.0026525199;0.9336870027
921;0;704;0;0.9336870027
922;0;704;0;0.9336870027
923;0;704;0;0.9336870027
924;0;704;0;0.9336870027
925;0;704;0;0.9336870027
926;0;704;0;0.9336870027
927;0;704;0;0.9336870027
928;0;704;0;0.9336870027
929;0;704;0;0.9336870027
930;0;704;0;0.9336870027
931;0;704;0;0.9336870027
932;0;704;0;0.9336870027
933;0;704;0;0.9336870027
934;0;704;0;0.9336870027
935;0;704;0;0.9336870027
936;0;704;0;0.9336870027
937;1;705;0.0013262599;0.9350132626
938;2;707;0.0026525199;0.9376657825
939;0;707;0;0.9376657825
940;1;708;0.0013262599;0.9389920424
941;0;708;0;0.9389920424
942;0;708;0;0.9389920424
943;1;709;0.0013262599;0.9403183024
944;0;709;0;0.9403183024
945;0;709;0;0.9403183024
946;0;709;0;0.9403183024
947;0;709;0;0.9403183024
948;0;709;0;0.9403183024
949;0;709;0;0.9403183024
950;0;709;0;0.9403183024
951;0;709;0;0.9403183024
952;0;709;0;0.9403183024
953;0;709;0;0.9403183024
954;0;709;0;0.9403183024
955;1;710;0.0013262599;0.9416445623
956;0;710;0;0.9416445623
957;0;710;0;0.9416445623
958;0;710;0;0.9416445623
959;0;710;0;0.9416445623
960;2;712;0.0026525199;0.9442970822
961;0;712;0;0.9442970822
962;0;712;0;0.9442970822
963;0;712;0;0.9442970822
964;0;712;0;0.9442970822
965;0;712;0;0.9442970822
966;0;712;0;0.9442970822
967;0;712;0;0.9442970822
968;0;712;0;0.9442970822
969;0;712;0;0.9442970822
970;1;713;0.0013262599;0.9456233422
971;0;713;0;0.9456233422
972;0;713;0;0.9456233422
973;0;713;0;0.9456233422
974;0;713;0;0.9456233422
975;0;713;0;0.9456233422
976;0;713;0;0.9456233422
977;0;713;0;0.9456233422
978;0;713;0;0.9456233422
979;0;713;0;0.9456233422
980;0;713;0;0.9456233422
981;0;713;0;0.9456233422
982;0;713;0;0.9456233422
983;0;713;0;0.9456233422
984;0;713;0;0.9456233422
985;0;713;0;0.9456233422
986;0;713;0;0.9456233422
987;0;713;0;0.9456233422
988;0;713;0;0.9456233422
989;0;713;0;0.9456233422
990;0;713;0;0.9456233422
991;0;713;0;0.9456233422
992;0;713;0;0.9456233422
993;0;713;0;0.9456233422
994;0;713;0;0.9456233422
995;0;713;0;0.9456233422
996;0;713;0;0.9456233422
997;0;713;0;0.9456233422
998;0;713;0;0.9456233422
999;0;713;0;0.9456233422
1000;0;713;0;0.9456233422
1001;0;713;0;0.9456233422
1002;0;713;0;0.9456233422
1003;0;713;0;0.9456233422
1004;0;713;0;0.9456233422
1005;0;713;0;0.9456233422
1006;0;713;0;0.9456233422
1007;0;713;0;0.9456233422
1008;0;713;0;0.9456233422
1009;0;713;0;0.9456233422
1010;0;713;0;0.9456233422
1011;0;713;0;0.9456233422
1012;0;713;0;0.9456233422
1013;1;714;0.0013262599;0.9469496021
1014;0;714;0;0.9469496021
1015;0;714;0;0.9469496021
1016;0;714;0;0.9469496021
1017;0;714;0;0.9469496021
1018;0;714;0;0.9469496021
1019;0;714;0;0.9469496021
1020;0;714;0;0.9469496021
1021;0;714;0;0.9469496021
1022;0;714;0;0.9469496021
1023;0;714;0;0.9469496021
1024;0;714;0;0.9469496021
1025;0;714;0;0.9469496021
1026;0;714;0;0.9469496021
1027;0;714;0;0.9469496021
1028;0;714;0;0.9469496021
1029;0;714;0;0.9469496021
1030;1;715;0.0013262599;0.9482758621
1031;0;715;0;0.9482758621
1032;1;716;0.0013262599;0.949602122
1033;0;716;0;0.949602122
1034;0;716;0;0.949602122
1035;0;716;0;0.949602122
1036;0;716;0;0.949602122
1037;0;716;0;0.949602122
1038;0;716;0;0.949602122
1039;0;716;0;0.949602122
1040;0;716;0;0.949602122
1041;0;716;0;0.949602122
1042;0;716;0;0.949602122
1043;0;716;0;0.949602122
1044;0;716;0;0.949602122
1045;0;716;0;0.949602122
1046;0;716;0;0.949602122
1047;0;716;0;0.949602122
1048;0;716;0;0.949602122
1049;0;716;0;0.949602122
1050;1;717;0.0013262599;0.950928382
1051;1;718;0.0013262599;0.9522546419
1052;0;718;0;0.9522546419
1053;0;718;0;0.9522546419
1054;0;718;0;0.9522546419
1055;0;718;0;0.9522546419
1056;0;718;0;0.9522546419
1057;0;718;0;0.9522546419
1058;0;718;0;0.9522546419
1059;0;718;0;0.9522546419
1060;0;718;0;0.9522546419
1061;0;718;0;0.9522546419
1062;0;718;0;0.9522546419
1063;0;718;0;0.9522546419
1064;0;718;0;0.9522546419
1065;0;718;0;0.9522546419
1066;0;718;0;0.9522546419
1067;0;718;0;0.9522546419
1068;0;718;0;0.9522546419
1069;0;718;0;0.9522546419
1070;0;718;0;0.9522546419
1071;0;718;0;0.9522546419
1072;0;718;0;0.9522546419
1073;0;718;0;0.9522546419
1074;0;718;0;0.9522546419
1075;0;718;0;0.9522546419
1076;0;718;0;0.9522546419
1077;0;718;0;0.9522546419
1078;0;718;0;0.9522546419
1079;0;718;0;0.9522546419
1080;0;718;0;0.9522546419
1081;0;718;0;0.9522546419
1082;0;718;0;0.9522546419
1083;0;718;0;0.9522546419
1084;0;718;0;0.9522546419
1085;0;718;0;0.9522546419
1086;0;718;0;0.9522546419
1087;0;718;0;0.9522546419
1088;1;719;0.0013262599;0.9535809019
1089;0;719;0;0.9535809019
1090;1;720;0.0013262599;0.9549071618
1091;0;720;0;0.9549071618
1092;0;720;0;0.9549071618
1093;0;720;0;0.9549071618
1094;0;720;0;0.9549071618
1095;0;720;0;0.9549071618
1096;0;720;0;0.9549071618
1097;1;721;0.0013262599;0.9562334218
1098;0;721;0;0.9562334218
1099;0;721;0;0.9562334218
1100;0;721;0;0.9562334218
1101;0;721;0;0.9562334218
1102;0;721;0;0.9562334218
1103;0;721;0;0.9562334218
1104;0;721;0;0.9562334218
1105;0;721;0;0.9562334218
1106;0;721;0;0.9562334218
1107;0;721;0;0.9562334218
1108;0;721;0;0.9562334218
1109;0;721;0;0.9562334218
1110;1;722;0.0013262599;0.9575596817
1111;0;722;0;0.9575596817
1112;0;722;0;0.9575596817
1113;0;722;0;0.9575596817
1114;0;722;0;0.9575596817
1115;0;722;0;0.9575596817
1116;0;722;0;0.9575596817
1117;0;722;0;0.9575596817
1118;0;722;0;0.9575596817
1119;0;722;0;0.9575596817
1120;0;722;0;0.9575596817
1121;0;722;0;0.9575596817
1122;0;722;0;0.9575596817
1123;0;722;0;0.9575596817
1124;0;722;0;0.9575596817
1125;0;722;0;0.9575596817
1126;0;722;0;0.9575596817
1127;0;722;0;0.9575596817
1128;0;722;0;0.9575596817
1129;0;722;0;0.9575596817
1130;0;722;0;0.9575596817
1131;0;722;0;0.9575596817
1132;0;722;0;0.9575596817
1133;0;722;0;0.9575596817
1134;0;722;0;0.9575596817
1135;0;722;0;0.9575596817
1136;0;722;0;0.9575596817
1137;0;722;0;0.9575596817
1138;0;722;0;0.9575596817
1139;0;722;0;0.9575596817
1140;1;723;0.0013262599;0.9588859416
1141;0;723;0;0.9588859416
1142;1;724;0.0013262599;0.9602122016
1143;0;724;0;0.9602122016
1144;0;724;0;0.9602122016
1145;1;725;0.0013262599;0.9615384615
1146;0;725;0;0.9615384615
1147;0;725;0;0.9615384615
1148;0;725;0;0.9615384615
1149;0;725;0;0.9615384615
1150;0;725;0;0.9615384615
1151;0;725;0;0.9615384615
1152;0;725;0;0.9615384615
1153;0;725;0;0.9615384615
1154;0;725;0;0.9615384615
1155;0;725;0;0.9615384615
1156;0;725;0;0.9615384615
1157;0;725;0;0.9615384615
1158;0;725;0;0.9615384615
1159;0;725;0;0.9615384615
1160;0;725;0;0.9615384615
1161;0;725;0;0.9615384615
1162;0;725;0;0.9615384615
1163;0;725;0;0.9615384615
1164;0;725;0;0.9615384615
1165;0;725;0;0.9615384615
1166;0;725;0;0.9615384615
1167;0;725;0;0.9615384615
1168;0;725;0;0.9615384615
1169;0;725;0;0.9615384615
1170;0;725;0;0.9615384615
1171;0;725;0;0.9615384615
1172;0;725;0;0.9615384615
1173;0;725;0;0.9615384615
1174;0;725;0;0.9615384615
1175;0;725;0;0.9615384615
1176;0;725;0;0.9615384615
1177;0;725;0;0.9615384615
1178;0;725;0;0.9615384615
1179;0;725;0;0.9615384615
1180;0;725;0;0.9615384615
1181;0;725;0;0.9615384615
1182;0;725;0;0.9615384615
1183;0;725;0;0.9615384615
1184;0;725;0;0.9615384615
1185;0;725;0;0.9615384615
1186;0;725;0;0.9615384615
1187;0;725;0;0.9615384615
1188;0;725;0;0.9615384615
1189;0;725;0;0.9615384615
1190;0;725;0;0.9615384615
1191;0;725;0;0.9615384615
1192;0;725;0;0.9615384615
1193;0;725;0;0.9615384615
1194;0;725;0;0.9615384615
1195;0;725;0;0.9615384615
1196;0;725;0;0.9615384615
1197;0;725;0;0.9615384615
1198;0;725;0;0.9615384615
1199;0;725;0;0.9615384615
1200;0;725;0;0.9615384615
1201;1;726;0.0013262599;0.9628647215
1202;0;726;0;0.9628647215
1203;0;726;0;0.9628647215
1204;0;726;0;0.9628647215
1205;0;726;0;0.9628647215
1206;0;726;0;0.9628647215
1207;0;726;0;0.9628647215
1208;0;726;0;0.9628647215
1209;0;726;0;0.9628647215
1210;0;726;0;0.9628647215
1211;0;726;0;0.9628647215
1212;0;726;0;0.9628647215
1213;0;726;0;0.9628647215
1214;0;726;0;0.9628647215
1215;0;726;0;0.9628647215
1216;0;726;0;0.9628647215
1217;0;726;0;0.9628647215
1218;0;726;0;0.9628647215
1219;0;726;0;0.9628647215
1220;0;726;0;0.9628647215
1221;0;726;0;0.9628647215
1222;0;726;0;0.9628647215
1223;0;726;0;0.9628647215
1224;0;726;0;0.9628647215
1225;1;727;0.0013262599;0.9641909814
1226;0;727;0;0.9641909814
1227;0;727;0;0.9641909814
1228;0;727;0;0.9641909814
1229;0;727;0;0.9641909814
1230;0;727;0;0.9641909814
1231;0;727;0;0.9641909814
1232;0;727;0;0.9641909814
1233;0;727;0;0.9641909814
1234;0;727;0;0.9641909814
1235;0;727;0;0.9641909814
1236;0;727;0;0.9641909814
1237;0;727;0;0.9641909814
1238;0;727;0;0.9641909814
1239;0;727;0;0.9641909814
1240;0;727;0;0.9641909814
1241;0;727;0;0.9641909814
1242;0;727;0;0.9641909814
1243;0;727;0;0.9641909814
1244;0;727;0;0.9641909814
1245;0;727;0;0.9641909814
1246;0;727;0;0.9641909814
1247;0;727;0;0.9641909814
1248;0;727;0;0.9641909814
1249;0;727;0;0.9641909814
1250;0;727;0;0.9641909814
1251;0;727;0;0.9641909814
1252;0;727;0;0.9641909814
1253;0;727;0;0.9641909814
1254;0;727;0;0.9641909814
1255;0;727;0;0.9641909814
1256;0;727;0;0.9641909814
1257;0;727;0;0.9641909814
1258;0;727;0;0.9641909814
1259;0;727;0;0.9641909814
1260;0;727;0;0.9641909814
1261;0;727;0;0.9641909814
1262;0;727;0;0.9641909814
1263;0;727;0;0.9641909814
1264;0;727;0;0.9641909814
1265;0;727;0;0.9641909814
1266;0;727;0;0.9641909814
1267;1;728;0.0013262599;0.9655172414
1268;0;728;0;0.9655172414
1269;0;728;0;0.9655172414
1270;0;728;0;0.9655172414
1271;0;728;0;0.9655172414
1272;0;728;0;0.9655172414
1273;0;728;0;0.9655172414
1274;0;728;0;0.9655172414
1275;0;728;0;0.9655172414
1276;0;728;0;0.9655172414
1277;0;728;0;0.9655172414
1278;0;728;0;0.9655172414
1279;0;728;0;0.9655172414
1280;0;728;0;0.9655172414
1281;0;728;0;0.9655172414
1282;0;728;0;0.9655172414
1283;0;728;0;0.9655172414
1284;0;728;0;0.9655172414
1285;0;728;0;0.9655172414
1286;0;728;0;0.9655172414
1287;0;728;0;0.9655172414
1288;0;728;0;0.9655172414
1289;0;728;0;0.9655172414
1290;0;728;0;0.9655172414
1291;0;728;0;0.9655172414
1292;0;728;0;0.9655172414
1293;0;728;0;0.9655172414
1294;0;728;0;0.9655172414
1295;0;728;0;0.9655172414
1296;1;729;0.0013262599;0.9668435013
1297;0;729;0;0.9668435013
1298;0;729;0;0.9668435013
1299;0;729;0;0.9668435013
1300;0;729;0;0.9668435013
1301;0;729;0;0.9668435013
1302;0;729;0;0.9668435013
1303;0;729;0;0.9668435013
1304;0;729;0;0.9668435013
1305;0;729;0;0.9668435013
1306;0;729;0;0.9668435013
1307;0;729;0;0.9668435013
1308;0;729;0;0.9668435013
1309;0;729;0;0.9668435013
1310;0;729;0;0.9668435013
1311;1;730;0.0013262599;0.9681697613
1312;0;730;0;0.9681697613
1313;0;730;0;0.9681697613
1314;0;730;0;0.9681697613
1315;0;730;0;0.9681697613
1316;0;730;0;0.9681697613
1317;0;730;0;0.9681697613
1318;0;730;0;0.9681697613
1319;0;730;0;0.9681697613
1320;0;730;0;0.9681697613
1321;0;730;0;0.9681697613
1322;0;730;0;0.9681697613
1323;0;730;0;0.9681697613
1324;0;730;0;0.9681697613
1325;0;730;0;0.9681697613
1326;0;730;0;0.9681697613
1327;0;730;0;0.9681697613
1328;0;730;0;0.9681697613
1329;0;730;0;0.9681697613
1330;0;730;0;0.9681697613
1331;0;730;0;0.9681697613
1332;0;730;0;0.9681697613
1333;0;730;0;0.9681697613
1334;0;730;0;0.9681697613
1335;0;730;0;0.9681697613
1336;0;730;0;0.9681697613
1337;0;730;0;0.9681697613
1338;0;730;0;0.9681697613
1339;0;730;0;0.9681697613
1340;0;730;0;0.9681697613
1341;0;730;0;0.9681697613
1342;0;730;0;0.9681697613
1343;0;730;0;0.9681697613
1344;0;730;0;0.9681697613
1345;0;730;0;0.9681697613
1346;0;730;0;0.9681697613
1347;0;730;0;0.9681697613
1348;0;730;0;0.9681697613
1349;0;730;0;0.9681697613
1350;0;730;0;0.9681697613
1351;0;730;0;0.9681697613
1352;0;730;0;0.9681697613
1353;0;730;0;0.9681697613
1354;0;730;0;0.9681697613
1355;0;730;0;0.9681697613
1356;0;730;0;0.9681697613
1357;0;730;0;0.9681697613
1358;0;730;0;0.9681697613
1359;0;730;0;0.9681697613
1360;0;730;0;0.9681697613
1361;0;730;0;0.9681697613
1362;0;730;0;0.9681697613
1363;0;730;0;0.9681697613
1364;0;730;0;0.9681697613
1365;0;730;0;0.9681697613
1366;0;730;0;0.9681697613
1367;0;730;0;0.9681697613
1368;0;730;0;0.9681697613
1369;0;730;0;0.9681697613
1370;0;730;0;0.9681697613
1371;0;730;0;0.9681697613
1372;0;730;0;0.9681697613
1373;0;730;0;0.9681697613
1374;0;730;0;0.9681697613
1375;0;730;0;0.9681697613
1376;0;730;0;0.9681697613
1377;0;730;0;0.9681697613
1378;0;730;0;0.9681697613
1379;0;730;0;0.9681697613
1380;0;730;0;0.9681697613
1381;0;730;0;0.9681697613
1382;0;730;0;0.9681697613
1383;0;730;0;0.9681697613
1384;0;730;0;0.9681697613
1385;0;730;0;0.9681697613
1386;0;730;0;0.9681697613
1387;0;730;0;0.9681697613
1388;0;730;0;0.9681697613
1389;0;730;0;0.9681697613
1390;0;730;0;0.9681697613
1391;0;730;0;0.9681697613
1392;0;730;0;0.9681697613
1393;0;730;0;0.9681697613
1394;0;730;0;0.9681697613
1395;0;730;0;0.9681697613
1396;0;730;0;0.9681697613
1397;0;730;0;0.9681697613
1398;0;730;0;0.9681697613
1399;0;730;0;0.9681697613
1400;0;730;0;0.9681697613
1401;0;730;0;0.9681697613
1402;0;730;0;0.9681697613
1403;0;730;0;0.9681697613
1404;0;730;0;0.9681697613
1405;0;730;0;0.9681697613
1406;0;730;0;0.9681697613
1407;0;730;0;0.9681697613
1408;0;730;0;0.9681697613
1409;0;730;0;0.9681697613
1410;0;730;0;0.9681697613
1411;0;730;0;0.9681697613
1412;0;730;0;0.9681697613
1413;0;730;0;0.9681697613
1414;0;730;0;0.9681697613
1415;0;730;0;0.9681697613
1416;0;730;0;0.9681697613
1417;0;730;0;0.9681697613
1418;0;730;0;0.9681697613
1419;0;730;0;0.9681697613
1420;0;730;0;0.9681697613
1421;0;730;0;0.9681697613
1422;0;730;0;0.9681697613
1423;0;730;0;0.9681697613
1424;0;730;0;0.9681697613
1425;1;731;0.0013262599;0.9694960212
1426;0;731;0;0.9694960212
1427;0;731;0;0.9694960212
1428;0;731;0;0.9694960212
1429;0;731;0;0.9694960212
1430;0;731;0;0.9694960212
1431;0;731;0;0.9694960212
1432;0;731;0;0.9694960212
1433;0;731;0;0.9694960212
1434;0;731;0;0.9694960212
1435;0;731;0;0.9694960212
1436;0;731;0;0.9694960212
1437;0;731;0;0.9694960212
1438;0;731;0;0.9694960212
1439;0;731;0;0.9694960212
1440;1;732;0.0013262599;0.9708222812
1441;0;732;0;0.9708222812
1442;0;732;0;0.9708222812
1443;0;732;0;0.9708222812
1444;0;732;0;0.9708222812
1445;0;732;0;0.9708222812
1446;1;733;0.0013262599;0.9721485411
1447;0;733;0;0.9721485411
1448;0;733;0;0.9721485411
1449;0;733;0;0.9721485411
1450;1;734;0.0013262599;0.9734748011
1451;0;734;0;0.9734748011
1452;0;734;0;0.9734748011
1453;0;734;0;0.9734748011
1454;0;734;0;0.9734748011
1455;0;734;0;0.9734748011
1456;0;734;0;0.9734748011
1457;0;734;0;0.9734748011
1458;0;734;0;0.9734748011
1459;0;734;0;0.9734748011
1460;0;734;0;0.9734748011
1461;0;734;0;0.9734748011
1462;1;735;0.0013262599;0.974801061
1463;0;735;0;0.974801061
1464;0;735;0;0.974801061
1465;0;735;0;0.974801061
1466;0;735;0;0.974801061
1467;0;735;0;0.974801061
1468;0;735;0;0.974801061
1469;0;735;0;0.974801061
1470;0;735;0;0.974801061
1471;0;735;0;0.974801061
1472;0;735;0;0.974801061
1473;0;735;0;0.974801061
1474;0;735;0;0.974801061
1475;1;736;0.0013262599;0.976127321
1476;0;736;0;0.976127321
1477;0;736;0;0.976127321
1478;0;736;0;0.976127321
1479;0;736;0;0.976127321
1480;0;736;0;0.976127321
1481;0;736;0;0.976127321
1482;0;736;0;0.976127321
1483;0;736;0;0.976127321
1484;0;736;0;0.976127321
1485;0;736;0;0.976127321
1486;0;736;0;0.976127321
1487;0;736;0;0.976127321
1488;0;736;0;0.976127321
1489;0;736;0;0.976127321
1490;0;736;0;0.976127321
1491;0;736;0;0.976127321
1492;0;736;0;0.976127321
1493;0;736;0;0.976127321
1494;0;736;0;0.976127321
1495;0;736;0;0.976127321
1496;0;736;0;0.976127321
1497;0;736;0;0.976127321
1498;0;736;0;0.976127321
1499;0;736;0;0.976127321
1500;0;736;0;0.976127321
1501;0;736;0;0.976127321
1502;0;736;0;0.976127321
1503;0;736;0;0.976127321
1504;0;736;0;0.976127321
1505;0;736;0;0.976127321
1506;0;736;0;0.976127321
1507;1;737;0.0013262599;0.9774535809
1508;0;737;0;0.9774535809
1509;0;737;0;0.9774535809
1510;0;737;0;0.9774535809
1511;0;737;0;0.9774535809
1512;0;737;0;0.9774535809
1513;0;737;0;0.9774535809
1514;0;737;0;0.9774535809
1515;0;737;0;0.9774535809
1516;0;737;0;0.9774535809
1517;0;737;0;0.9774535809
1518;0;737;0;0.9774535809
1519;0;737;0;0.9774535809
1520;0;737;0;0.9774535809
1521;0;737;0;0.9774535809
1522;0;737;0;0.9774535809
1523;0;737;0;0.9774535809
1524;0;737;0;0.9774535809
1525;0;737;0;0.9774535809
1526;0;737;0;0.9774535809
1527;0;737;0;0.9774535809
1528;0;737;0;0.9774535809
1529;0;737;0;0.9774535809
1530;2;739;0.0026525199;0.9801061008
1531;0;739;0;0.9801061008
1532;0;739;0;0.9801061008
1533;0;739;0;0.9801061008
1534;0;739;0;0.9801061008
1535;0;739;0;0.9801061008
1536;0;739;0;0.9801061008
1537;0;739;0;0.9801061008
1538;0;739;0;0.9801061008
1539;0;739;0;0.9801061008
1540;0;739;0;0.9801061008
1541;0;739;0;0.9801061008
1542;0;739;0;0.9801061008
1543;0;739;0;0.9801061008
1544;0;739;0;0.9801061008
1545;0;739;0;0.9801061008
1546;0;739;0;0.9801061008
1547;0;739;0;0.9801061008
1548;0;739;0;0.9801061008
1549;0;739;0;0.9801061008
1550;0;739;0;0.9801061008
1551;0;739;0;0.9801061008
1552;0;739;0;0.9801061008
1553;0;739;0;0.9801061008
1554;0;739;0;0.9801061008
1555;0;739;0;0.9801061008
1556;0;739;0;0.9801061008
1557;0;739;0;0.9801061008
1558;0;739;0;0.9801061008
1559;0;739;0;0.9801061008
1560;0;739;0;0.9801061008
1561;0;739;0;0.9801061008
1562;0;739;0;0.9801061008
1563;0;739;0;0.9801061008
1564;0;739;0;0.9801061008
1565;0;739;0;0.9801061008
1566;0;739;0;0.9801061008
1567;0;739;0;0.9801061008
1568;0;739;0;0.9801061008
1569;0;739;0;0.9801061008
1570;0;739;0;0.9801061008
1571;0;739;0;0.9801061008
1572;0;739;0;0.9801061008
1573;0;739;0;0.9801061008
1574;0;739;0;0.9801061008
1575;0;739;0;0.9801061008
1576;0;739;0;0.9801061008
1577;0;739;0;0.9801061008
1578;0;739;0;0.9801061008
1579;0;739;0;0.9801061008
1580;1;740;0.0013262599;0.9814323607
1581;0;740;0;0.9814323607
1582;0;740;0;0.9814323607
1583;0;740;0;0.9814323607
1584;0;740;0;0.9814323607
1585;0;740;0;0.9814323607
1586;0;740;0;0.9814323607
1587;0;740;0;0.9814323607
1588;0;740;0;0.9814323607
1589;0;740;0;0.9814323607
1590;0;740;0;0.9814323607
1591;0;740;0;0.9814323607
1592;0;740;0;0.9814323607
1593;0;740;0;0.9814323607
1594;0;740;0;0.9814323607
1595;0;740;0;0.9814323607
1596;0;740;0;0.9814323607
1597;0;740;0;0.9814323607
1598;0;740;0;0.9814323607
1599;0;740;0;0.9814323607
1600;0;740;0;0.9814323607
1601;0;740;0;0.9814323607
1602;0;740;0;0.9814323607
1603;0;740;0;0.9814323607
1604;0;740;0;0.9814323607
1605;0;740;0;0.9814323607
1606;0;740;0;0.9814323607
1607;0;740;0;0.9814323607
1608;0;740;0;0.9814323607
1609;0;740;0;0.9814323607
1610;0;740;0;0.9814323607
1611;0;740;0;0.9814323607
1612;0;740;0;0.9814323607
1613;0;740;0;0.9814323607
1614;0;740;0;0.9814323607
1615;0;740;0;0.9814323607
1616;0;740;0;0.9814323607
1617;0;740;0;0.9814323607
1618;0;740;0;0.9814323607
1619;0;740;0;0.9814323607
1620;0;740;0;0.9814323607
1621;0;740;0;0.9814323607
1622;0;740;0;0.9814323607
1623;0;740;0;0.9814323607
1624;0;740;0;0.9814323607
1625;0;740;0;0.9814323607
1626;0;740;0;0.9814323607
1627;0;740;0;0.9814323607
1628;0;740;0;0.9814323607
1629;0;740;0;0.9814323607
1630;0;740;0;0.9814323607
1631;0;740;0;0.9814323607
1632;0;740;0;0.9814323607
1633;0;740;0;0.9814323607
1634;0;740;0;0.9814323607
1635;0;740;0;0.9814323607
1636;0;740;0;0.9814323607
1637;0;740;0;0.9814323607
1638;0;740;0;0.9814323607
1639;0;740;0;0.9814323607
1640;0;740;0;0.9814323607
1641;0;740;0;0.9814323607
1642;0;740;0;0.9814323607
1643;0;740;0;0.9814323607
1644;0;740;0;0.9814323607
1645;0;740;0;0.9814323607
1646;0;740;0;0.9814323607
1647;0;740;0;0.9814323607
1648;0;740;0;0.9814323607
1649;0;740;0;0.9814323607
1650;0;740;0;0.9814323607
1651;0;740;0;0.9814323607
1652;0;740;0;0.9814323607
1653;0;740;0;0.9814323607
1654;0;740;0;0.9814323607
1655;0;740;0;0.9814323607
1656;0;740;0;0.9814323607
1657;0;740;0;0.9814323607
1658;0;740;0;0.9814323607
1659;0;740;0;0.9814323607
1660;0;740;0;0.9814323607
1661;0;740;0;0.9814323607
1662;0;740;0;0.9814323607
1663;0;740;0;0.9814323607
1664;0;740;0;0.9814323607
1665;0;740;0;0.9814323607
1666;0;740;0;0.9814323607
1667;0;740;0;0.9814323607
1668;0;740;0;0.9814323607
1669;0;740;0;0.9814323607
1670;0;740;0;0.9814323607
1671;0;740;0;0.9814323607
1672;0;740;0;0.9814323607
1673;0;740;0;0.9814323607
1674;0;740;0;0.9814323607
1675;1;741;0.0013262599;0.9827586207
1676;0;741;0;0.9827586207
1677;0;741;0;0.9827586207
1678;0;741;0;0.9827586207
1679;0;741;0;0.9827586207
1680;0;741;0;0.9827586207
1681;0;741;0;0.9827586207
1682;0;741;0;0.9827586207
1683;0;741;0;0.9827586207
1684;0;741;0;0.9827586207
1685;0;741;0;0.9827586207
1686;0;741;0;0.9827586207
1687;0;741;0;0.9827586207
1688;0;741;0;0.9827586207
1689;0;741;0;0.9827586207
1690;0;741;0;0.9827586207
1691;0;741;0;0.9827586207
1692;0;741;0;0.9827586207
1693;0;741;0;0.9827586207
1694;0;741;0;0.9827586207
1695;0;741;0;0.9827586207
1696;0;741;0;0.9827586207
1697;0;741;0;0.9827586207
1698;0;741;0;0.9827586207
1699;0;741;0;0.9827586207
1700;0;741;0;0.9827586207
1701;0;741;0;0.9827586207
1702;0;741;0;0.9827586207
1703;0;741;0;0.9827586207
1704;0;741;0;0.9827586207
1705;0;741;0;0.9827586207
1706;1;742;0.0013262599;0.9840848806
1707;0;742;0;0.9840848806
1708;0;742;0;0.9840848806
1709;0;742;0;0.9840848806
1710;0;742;0;0.9840848806
1711;0;742;0;0.9840848806
1712;0;742;0;0.9840848806
1713;0;742;0;0.9840848806
1714;0;742;0;0.9840848806
1715;0;742;0;0.9840848806
1716;0;742;0;0.9840848806
1717;0;742;0;0.9840848806
1718;0;742;0;0.9840848806
1719;0;742;0;0.9840848806
1720;0;742;0;0.9840848806
1721;0;742;0;0.9840848806
1722;0;742;0;0.9840848806
1723;0;742;0;0.9840848806
1724;0;742;0;0.9840848806
1725;0;742;0;0.9840848806
1726;0;742;0;0.9840848806
1727;0;742;0;0.9840848806
1728;0;742;0;0.9840848806
1729;0;742;0;0.9840848806
1730;0;742;0;0.9840848806
1731;0;742;0;0.9840848806
1732;0;742;0;0.9840848806
1733;0;742;0;0.9840848806
1734;0;742;0;0.9840848806
1735;0;742;0;0.9840848806
1736;0;742;0;0.9840848806
1737;0;742;0;0.9840848806
1738;0;742;0;0.9840848806
1739;0;742;0;0.9840848806
1740;0;742;0;0.9840848806
1741;0;742;0;0.9840848806
1742;0;742;0;0.9840848806
1743;0;742;0;0.9840848806
1744;0;742;0;0.9840848806
1745;0;742;0;0.9840848806
1746;0;742;0;0.9840848806
1747;0;742;0;0.9840848806
1748;0;742;0;0.9840848806
1749;0;742;0;0.9840848806
1750;0;742;0;0.9840848806
1751;0;742;0;0.9840848806
1752;0;742;0;0.9840848806
1753;0;742;0;0.9840848806
1754;0;742;0;0.9840848806
1755;0;742;0;0.9840848806
1756;0;742;0;0.9840848806
1757;0;742;0;0.9840848806
1758;0;742;0;0.9840848806
1759;0;742;0;0.9840848806
1760;0;742;0;0.9840848806
1761;0;742;0;0.9840848806
1762;0;742;0;0.9840848806
1763;0;742;0;0.9840848806
1764;0;742;0;0.9840848806
1765;0;742;0;0.9840848806
1766;0;742;0;0.9840848806
1767;0;742;0;0.9840848806
1768;0;742;0;0.9840848806
1769;0;742;0;0.9840848806
1770;0;742;0;0.9840848806
1771;0;742;0;0.9840848806
1772;0;742;0;0.9840848806
1773;0;742;0;0.9840848806
1774;0;742;0;0.9840848806
1775;0;742;0;0.9840848806
1776;0;742;0;0.9840848806
1777;0;742;0;0.9840848806
1778;0;742;0;0.9840848806
1779;0;742;0;0.9840848806
1780;0;742;0;0.9840848806
1781;0;742;0;0.9840848806
1782;0;742;0;0.9840848806
1783;0;742;0;0.9840848806
1784;0;742;0;0.9840848806
1785;0;742;0;0.9840848806
1786;0;742;0;0.9840848806
1787;0;742;0;0.9840848806
1788;0;742;0;0.9840848806
1789;0;742;0;0.9840848806
1790;0;742;0;0.9840848806
1791;0;742;0;0.9840848806
1792;0;742;0;0.9840848806
1793;0;742;0;0.9840848806
1794;0;742;0;0.9840848806
1795;0;742;0;0.9840848806
1796;0;742;0;0.9840848806
1797;0;742;0;0.9840848806
1798;0;742;0;0.9840848806
1799;0;742;0;0.9840848806
1800;0;742;0;0.9840848806
1801;0;742;0;0.9840848806
1802;0;742;0;0.9840848806
1803;0;742;0;0.9840848806
1804;0;742;0;0.9840848806
1805;0;742;0;0.9840848806
1806;0;742;0;0.9840848806
1807;0;742;0;0.9840848806
1808;0;742;0;0.9840848806
1809;0;742;0;0.9840848806
1810;0;742;0;0.9840848806
1811;0;742;0;0.9840848806
1812;0;742;0;0.9840848806
1813;0;742;0;0.9840848806
1814;0;742;0;0.9840848806
1815;0;742;0;0.9840848806
1816;0;742;0;0.9840848806
1817;0;742;0;0.9840848806
1818;0;742;0;0.9840848806
1819;0;742;0;0.9840848806
1820;0;742;0;0.9840848806
1821;0;742;0;0.9840848806
1822;0;742;0;0.9840848806
1823;0;742;0;0.9840848806
1824;0;742;0;0.9840848806
1825;0;742;0;0.9840848806
1826;0;742;0;0.9840848806
1827;0;742;0;0.9840848806
1828;0;742;0;0.9840848806
1829;0;742;0;0.9840848806
1830;0;742;0;0.9840848806
1831;0;742;0;0.9840848806
1832;0;742;0;0.9840848806
1833;0;742;0;0.9840848806
1834;0;742;0;0.9840848806
1835;0;742;0;0.9840848806
1836;0;742;0;0.9840848806
1837;0;742;0;0.9840848806
1838;0;742;0;0.9840848806
1839;0;742;0;0.9840848806
1840;0;742;0;0.9840848806
1841;0;742;0;0.9840848806
1842;0;742;0;0.9840848806
1843;0;742;0;0.9840848806
1844;0;742;0;0.9840848806
1845;0;742;0;0.9840848806
1846;0;742;0;0.9840848806
1847;0;742;0;0.9840848806
1848;0;742;0;0.9840848806
1849;0;742;0;0.9840848806
1850;0;742;0;0.9840848806
1851;0;742;0;0.9840848806
1852;0;742;0;0.9840848806
1853;0;742;0;0.9840848806
1854;0;742;0;0.9840848806
1855;0;742;0;0.9840848806
1856;0;742;0;0.9840848806
1857;0;742;0;0.9840848806
1858;0;742;0;0.9840848806
1859;0;742;0;0.9840848806
1860;0;742;0;0.9840848806
1861;0;742;0;0.9840848806
1862;0;742;0;0.9840848806
1863;0;742;0;0.9840848806
1864;0;742;0;0.9840848806
1865;0;742;0;0.9840848806
1866;0;742;0;0.9840848806
1867;0;742;0;0.9840848806
1868;0;742;0;0.9840848806
1869;0;742;0;0.9840848806
1870;0;742;0;0.9840848806
1871;0;742;0;0.9840848806
1872;0;742;0;0.9840848806
1873;0;742;0;0.9840848806
1874;0;742;0;0.9840848806
1875;0;742;0;0.9840848806
1876;0;742;0;0.9840848806
1877;0;742;0;0.9840848806
1878;0;742;0;0.9840848806
1879;0;742;0;0.9840848806
1880;0;742;0;0.9840848806
1881;0;742;0;0.9840848806
1882;0;742;0;0.9840848806
1883;1;743;0.0013262599;0.9854111406
1884;0;743;0;0.9854111406
1885;0;743;0;0.9854111406
1886;0;743;0;0.9854111406
1887;0;743;0;0.9854111406
1888;0;743;0;0.9854111406
1889;0;743;0;0.9854111406
1890;0;743;0;0.9854111406
1891;0;743;0;0.9854111406
1892;0;743;0;0.9854111406
1893;0;743;0;0.9854111406
1894;0;743;0;0.9854111406
1895;0;743;0;0.9854111406
1896;0;743;0;0.9854111406
1897;0;743;0;0.9854111406
1898;0;743;0;0.9854111406
1899;0;743;0;0.9854111406
1900;0;743;0;0.9854111406
1901;0;743;0;0.9854111406
1902;0;743;0;0.9854111406
1903;0;743;0;0.9854111406
1904;0;743;0;0.9854111406
1905;0;743;0;0.9854111406
1906;0;743;0;0.9854111406
1907;0;743;0;0.9854111406
1908;0;743;0;0.9854111406
1909;0;743;0;0.9854111406
1910;0;743;0;0.9854111406
1911;0;743;0;0.9854111406
1912;0;743;0;0.9854111406
1913;0;743;0;0.9854111406
1914;0;743;0;0.9854111406
1915;0;743;0;0.9854111406
1916;0;743;0;0.9854111406
1917;0;743;0;0.9854111406
1918;0;743;0;0.9854111406
1919;0;743;0;0.9854111406
1920;0;743;0;0.9854111406
1921;0;743;0;0.9854111406
1922;0;743;0;0.9854111406
1923;0;743;0;0.9854111406
1924;0;743;0;0.9854111406
1925;0;743;0;0.9854111406
1926;0;743;0;0.9854111406
1927;0;743;0;0.9854111406
1928;0;743;0;0.9854111406
1929;0;743;0;0.9854111406
1930;0;743;0;0.9854111406
1931;0;743;0;0.9854111406
1932;0;743;0;0.9854111406
1933;0;743;0;0.9854111406
1934;0;743;0;0.9854111406
1935;0;743;0;0.9854111406
1936;0;743;0;0.9854111406
1937;0;743;0;0.9854111406
1938;0;743;0;0.9854111406
1939;0;743;0;0.9854111406
1940;0;743;0;0.9854111406
1941;0;743;0;0.9854111406
1942;0;743;0;0.9854111406
1943;0;743;0;0.9854111406
1944;0;743;0;0.9854111406
1945;0;743;0;0.9854111406
1946;0;743;0;0.9854111406
1947;0;743;0;0.9854111406
1948;0;743;0;0.9854111406
1949;0;743;0;0.9854111406
1950;0;743;0;0.9854111406
1951;0;743;0;0.9854111406
1952;0;743;0;0.9854111406
1953;0;743;0;0.9854111406
1954;0;743;0;0.9854111406
1955;0;743;0;0.9854111406
1956;0;743;0;0.9854111406
1957;0;743;0;0.9854111406
1958;0;743;0;0.9854111406
1959;0;743;0;0.9854111406
1960;0;743;0;0.9854111406
1961;0;743;0;0.9854111406
1962;0;743;0;0.9854111406
1963;0;743;0;0.9854111406
1964;0;743;0;0.9854111406
1965;0;743;0;0.9854111406
1966;0;743;0;0.9854111406
1967;0;743;0;0.9854111406
1968;0;743;0;0.9854111406
1969;0;743;0;0.9854111406
1970;0;743;0;0.9854111406
1971;0;743;0;0.9854111406
1972;0;743;0;0.9854111406
1973;0;743;0;0.9854111406
1974;0;743;0;0.9854111406
1975;0;743;0;0.9854111406
1976;0;743;0;0.9854111406
1977;0;743;0;0.9854111406
1978;0;743;0;0.9854111406
1979;0;743;0;0.9854111406
1980;0;743;0;0.9854111406
1981;0;743;0;0.9854111406
1982;0;743;0;0.9854111406
1983;0;743;0;0.9854111406
1984;0;743;0;0.9854111406
1985;0;743;0;0.9854111406
1986;0;743;0;0.9854111406
1987;0;743;0;0.9854111406
1988;0;743;0;0.9854111406
1989;0;743;0;0.9854111406
1990;0;743;0;0.9854111406
1991;0;743;0;0.9854111406
1992;0;743;0;0.9854111406
1993;0;743;0;0.9854111406
1994;0;743;0;0.9854111406
1995;0;743;0;0.9854111406
1996;0;743;0;0.9854111406
1997;0;743;0;0.9854111406
1998;0;743;0;0.9854111406
1999;0;743;0;0.9854111406
2000;0;743;0;0.9854111406
2001;0;743;0;0.9854111406
2002;0;743;0;0.9854111406
2003;0;743;0;0.9854111406
2004;0;743;0;0.9854111406
2005;0;743;0;0.9854111406
2006;0;743;0;0.9854111406
2007;0;743;0;0.9854111406
2008;0;743;0;0.9854111406
2009;0;743;0;0.9854111406
2010;0;743;0;0.9854111406
2011;0;743;0;0.9854111406
2012;0;743;0;0.9854111406
2013;0;743;0;0.9854111406
2014;0;743;0;0.9854111406
2015;0;743;0;0.9854111406
2016;0;743;0;0.9854111406
2017;0;743;0;0.9854111406
2018;0;743;0;0.9854111406
2019;0;743;0;0.9854111406
2020;1;744;0.0013262599;0.9867374005
2021;0;744;0;0.9867374005
2022;0;744;0;0.9867374005
2023;0;744;0;0.9867374005
2024;0;744;0;0.9867374005
2025;1;745;0.0013262599;0.9880636605
2026;0;745;0;0.9880636605
2027;0;745;0;0.9880636605
2028;1;746;0.0013262599;0.9893899204
2029;0;746;0;0.9893899204
2030;0;746;0;0.9893899204
2031;0;746;0;0.9893899204
2032;0;746;0;0.9893899204
2033;0;746;0;0.9893899204
2034;0;746;0;0.9893899204
2035;0;746;0;0.9893899204
2036;0;746;0;0.9893899204
2037;0;746;0;0.9893899204
2038;0;746;0;0.9893899204
2039;0;746;0;0.9893899204
2040;0;746;0;0.9893899204
2041;0;746;0;0.9893899204
2042;0;746;0;0.9893899204
2043;0;746;0;0.9893899204
2044;0;746;0;0.9893899204
2045;0;746;0;0.9893899204
2046;0;746;0;0.9893899204
2047;0;746;0;0.9893899204
2048;0;746;0;0.9893899204
2049;0;746;0;0.9893899204
2050;0;746;0;0.9893899204
2051;0;746;0;0.9893899204
2052;0;746;0;0.9893899204
2053;0;746;0;0.9893899204
2054;0;746;0;0.9893899204
2055;0;746;0;0.9893899204
2056;0;746;0;0.9893899204
2057;0;746;0;0.9893899204
2058;0;746;0;0.9893899204
2059;0;746;0;0.9893899204
2060;0;746;0;0.9893899204
2061;0;746;0;0.9893899204
2062;0;746;0;0.9893899204
2063;0;746;0;0.9893899204
2064;1;747;0.0013262599;0.9907161804
2065;0;747;0;0.9907161804
2066;0;747;0;0.9907161804
2067;0;747;0;0.9907161804
2068;0;747;0;0.9907161804
2069;0;747;0;0.9907161804
2070;0;747;0;0.9907161804
2071;0;747;0;0.9907161804
2072;0;747;0;0.9907161804
2073;0;747;0;0.9907161804
2074;0;747;0;0.9907161804
2075;0;747;0;0.9907161804
2076;0;747;0;0.9907161804
2077;0;747;0;0.9907161804
2078;0;747;0;0.9907161804
2079;0;747;0;0.9907161804
2080;0;747;0;0.9907161804
2081;0;747;0;0.9907161804
2082;0;747;0;0.9907161804
2083;0;747;0;0.9907161804
2084;0;747;0;0.9907161804
2085;0;747;0;0.9907161804
2086;0;747;0;0.9907161804
2087;0;747;0;0.9907161804
2088;0;747;0;0.9907161804
2089;0;747;0;0.9907161804
2090;0;747;0;0.9907161804
2091;0;747;0;0.9907161804
2092;0;747;0;0.9907161804
2093;0;747;0;0.9907161804
2094;0;747;0;0.9907161804
2095;0;747;0;0.9907161804
2096;0;747;0;0.9907161804
2097;0;747;0;0.9907161804
2098;0;747;0;0.9907161804
2099;0;747;0;0.9907161804
2100;0;747;0;0.9907161804
2101;0;747;0;0.9907161804
2102;0;747;0;0.9907161804
2103;0;747;0;0.9907161804
2104;0;747;0;0.9907161804
2105;0;747;0;0.9907161804
2106;0;747;0;0.9907161804
2107;0;747;0;0.9907161804
2108;0;747;0;0.9907161804
2109;0;747;0;0.9907161804
2110;0;747;0;0.9907161804
2111;0;747;0;0.9907161804
2112;0;747;0;0.9907161804
2113;0;747;0;0.9907161804
2114;0;747;0;0.9907161804
2115;0;747;0;0.9907161804
2116;0;747;0;0.9907161804
2117;0;747;0;0.9907161804
2118;0;747;0;0.9907161804
2119;0;747;0;0.9907161804
2120;0;747;0;0.9907161804
2121;0;747;0;0.9907161804
2122;0;747;0;0.9907161804
2123;0;747;0;0.9907161804
2124;0;747;0;0.9907161804
2125;0;747;0;0.9907161804
2126;0;747;0;0.9907161804
2127;0;747;0;0.9907161804
2128;0;747;0;0.9907161804
2129;0;747;0;0.9907161804
2130;0;747;0;0.9907161804
2131;0;747;0;0.9907161804
2132;0;747;0;0.9907161804
2133;0;747;0;0.9907161804
2134;0;747;0;0.9907161804
2135;0;747;0;0.9907161804
2136;0;747;0;0.9907161804
2137;0;747;0;0.9907161804
2138;0;747;0;0.9907161804
2139;0;747;0;0.9907161804
2140;0;747;0;0.9907161804
2141;0;747;0;0.9907161804
2142;0;747;0;0.9907161804
2143;0;747;0;0.9907161804
2144;0;747;0;0.9907161804
2145;0;747;0;0.9907161804
2146;0;747;0;0.9907161804
2147;0;747;0;0.9907161804
2148;0;747;0;0.9907161804
2149;0;747;0;0.9907161804
2150;0;747;0;0.9907161804
2151;0;747;0;0.9907161804
2152;0;747;0;0.9907161804
2153;0;747;0;0.9907161804
2154;0;747;0;0.9907161804
2155;0;747;0;0.9907161804
2156;0;747;0;0.9907161804
2157;0;747;0;0.9907161804
2158;0;747;0;0.9907161804
2159;0;747;0;0.9907161804
2160;0;747;0;0.9907161804
2161;0;747;0;0.9907161804
2162;0;747;0;0.9907161804
2163;0;747;0;0.9907161804
2164;0;747;0;0.9907161804
2165;0;747;0;0.9907161804
2166;0;747;0;0.9907161804
2167;0;747;0;0.9907161804
2168;0;747;0;0.9907161804
2169;0;747;0;0.9907161804
2170;0;747;0;0.9907161804
2171;0;747;0;0.9907161804
2172;0;747;0;0.9907161804
2173;0;747;0;0.9907161804
2174;0;747;0;0.9907161804
2175;0;747;0;0.9907161804
2176;0;747;0;0.9907161804
2177;0;747;0;0.9907161804
2178;0;747;0;0.9907161804
2179;0;747;0;0.9907161804
2180;0;747;0;0.9907161804
2181;0;747;0;0.9907161804
2182;0;747;0;0.9907161804
2183;0;747;0;0.9907161804
2184;0;747;0;0.9907161804
2185;0;747;0;0.9907161804
2186;0;747;0;0.9907161804
2187;0;747;0;0.9907161804
2188;0;747;0;0.9907161804
2189;0;747;0;0.9907161804
2190;0;747;0;0.9907161804
2191;0;747;0;0.9907161804
2192;0;747;0;0.9907161804
2193;0;747;0;0.9907161804
2194;0;747;0;0.9907161804
2195;0;747;0;0.9907161804
2196;0;747;0;0.9907161804
2197;0;747;0;0.9907161804
2198;0;747;0;0.9907161804
2199;0;747;0;0.9907161804
2200;0;747;0;0.9907161804
2201;0;747;0;0.9907161804
2202;0;747;0;0.9907161804
2203;0;747;0;0.9907161804
2204;0;747;0;0.9907161804
2205;1;748;0.0013262599;0.9920424403
2206;0;748;0;0.9920424403
2207;0;748;0;0.9920424403
2208;0;748;0;0.9920424403
2209;0;748;0;0.9920424403
2210;0;748;0;0.9920424403
2211;0;748;0;0.9920424403
2212;0;748;0;0.9920424403
2213;0;748;0;0.9920424403
2214;0;748;0;0.9920424403
2215;0;748;0;0.9920424403
2216;0;748;0;0.9920424403
2217;0;748;0;0.9920424403
2218;0;748;0;0.9920424403
2219;0;748;0;0.9920424403
2220;0;748;0;0.9920424403
2221;0;748;0;0.9920424403
2222;0;748;0;0.9920424403
2223;0;748;0;0.9920424403
2224;0;748;0;0.9920424403
2225;0;748;0;0.9920424403
2226;0;748;0;0.9920424403
2227;0;748;0;0.9920424403
2228;0;748;0;0.9920424403
2229;0;748;0;0.9920424403
2230;0;748;0;0.9920424403
2231;0;748;0;0.9920424403
2232;0;748;0;0.9920424403
2233;0;748;0;0.9920424403
2234;0;748;0;0.9920424403
2235;0;748;0;0.9920424403
2236;0;748;0;0.9920424403
2237;0;748;0;0.9920424403
2238;0;748;0;0.9920424403
2239;0;748;0;0.9920424403
2240;0;748;0;0.9920424403
2241;0;748;0;0.9920424403
2242;0;748;0;0.9920424403
2243;0;748;0;0.9920424403
2244;0;748;0;0.9920424403
2245;0;748;0;0.9920424403
2246;0;748;0;0.9920424403
2247;0;748;0;0.9920424403
2248;0;748;0;0.9920424403
2249;0;748;0;0.9920424403
2250;0;748;0;0.9920424403
2251;0;748;0;0.9920424403
2252;0;748;0;0.9920424403
2253;0;748;0;0.9920424403
2254;0;748;0;0.9920424403
2255;0;748;0;0.9920424403
2256;0;748;0;0.9920424403
2257;0;748;0;0.9920424403
2258;0;748;0;0.9920424403
2259;0;748;0;0.9920424403
2260;0;748;0;0.9920424403
2261;0;748;0;0.9920424403
2262;0;748;0;0.9920424403
2263;0;748;0;0.9920424403
2264;0;748;0;0.9920424403
2265;0;748;0;0.9920424403
2266;0;748;0;0.9920424403
2267;0;748;0;0.9920424403
2268;0;748;0;0.9920424403
2269;0;748;0;0.9920424403
2270;0;748;0;0.9920424403
2271;0;748;0;0.9920424403
2272;0;748;0;0.9920424403
2273;0;748;0;0.9920424403
2274;0;748;0;0.9920424403
2275;0;748;0;0.9920424403
2276;0;748;0;0.9920424403
2277;0;748;0;0.9920424403
2278;0;748;0;0.9920424403
2279;0;748;0;0.9920424403
2280;0;748;0;0.9920424403
2281;0;748;0;0.9920424403
2282;0;748;0;0.9920424403
2283;0;748;0;0.9920424403
2284;0;748;0;0.9920424403
2285;0;748;0;0.9920424403
2286;0;748;0;0.9920424403
2287;0;748;0;0.9920424403
2288;0;748;0;0.9920424403
2289;0;748;0;0.9920424403
2290;0;748;0;0.9920424403
2291;0;748;0;0.9920424403
2292;0;748;0;0.9920424403
2293;0;748;0;0.9920424403
2294;0;748;0;0.9920424403
2295;0;748;0;0.9920424403
2296;0;748;0;0.9920424403
2297;0;748;0;0.9920424403
2298;0;748;0;0.9920424403
2299;0;748;0;0.9920424403
2300;0;748;0;0.9920424403
2301;0;748;0;0.9920424403
2302;0;748;0;0.9920424403
2303;0;748;0;0.9920424403
2304;0;748;0;0.9920424403
2305;0;748;0;0.9920424403
2306;0;748;0;0.9920424403
2307;0;748;0;0.9920424403
2308;0;748;0;0.9920424403
2309;0;748;0;0.9920424403
2310;0;748;0;0.9920424403
2311;0;748;0;0.9920424403
2312;0;748;0;0.9920424403
2313;0;748;0;0.9920424403
2314;0;748;0;0.9920424403
2315;0;748;0;0.9920424403
2316;0;748;0;0.9920424403
2317;0;748;0;0.9920424403
2318;0;748;0;0.9920424403
2319;0;748;0;0.9920424403
2320;0;748;0;0.9920424403
2321;0;748;0;0.9920424403
2322;0;748;0;0.9920424403
2323;0;748;0;0.9920424403
2324;0;748;0;0.9920424403
2325;0;748;0;0.9920424403
2326;0;748;0;0.9920424403
2327;0;748;0;0.9920424403
2328;0;748;0;0.9920424403
2329;0;748;0;0.9920424403
2330;0;748;0;0.9920424403
2331;0;748;0;0.9920424403
2332;0;748;0;0.9920424403
2333;0;748;0;0.9920424403
2334;0;748;0;0.9920424403
2335;0;748;0;0.9920424403
2336;0;748;0;0.9920424403
2337;0;748;0;0.9920424403
2338;0;748;0;0.9920424403
2339;0;748;0;0.9920424403
2340;0;748;0;0.9920424403
2341;0;748;0;0.9920424403
2342;0;748;0;0.9920424403
2343;0;748;0;0.9920424403
2344;0;748;0;0.9920424403
2345;0;748;0;0.9920424403
2346;0;748;0;0.9920424403
2347;0;748;0;0.9920424403
2348;0;748;0;0.9920424403
2349;0;748;0;0.9920424403
2350;0;748;0;0.9920424403
2351;0;748;0;0.9920424403
2352;0;748;0;0.9920424403
2353;0;748;0;0.9920424403
2354;0;748;0;0.9920424403
2355;0;748;0;0.9920424403
2356;0;748;0;0.9920424403
2357;0;748;0;0.9920424403
2358;0;748;0;0.9920424403
2359;0;748;0;0.9920424403
2360;0;748;0;0.9920424403
2361;0;748;0;0.9920424403
2362;0;748;0;0.9920424403
2363;0;748;0;0.9920424403
2364;0;748;0;0.9920424403
2365;0;748;0;0.9920424403
2366;0;748;0;0.9920424403
2367;0;748;0;0.9920424403
2368;0;748;0;0.9920424403
2369;0;748;0;0.9920424403
2370;0;748;0;0.9920424403
2371;0;748;0;0.9920424403
2372;0;748;0;0.9920424403
2373;0;748;0;0.9920424403
2374;0;748;0;0.9920424403
2375;0;748;0;0.9920424403
2376;0;748;0;0.9920424403
2377;0;748;0;0.9920424403
2378;0;748;0;0.9920424403
2379;0;748;0;0.9920424403
2380;0;748;0;0.9920424403
2381;0;748;0;0.9920424403
2382;0;748;0;0.9920424403
2383;0;748;0;0.9920424403
2384;0;748;0;0.9920424403
2385;0;748;0;0.9920424403
2386;0;748;0;0.9920424403
2387;0;748;0;0.9920424403
2388;0;748;0;0.9920424403
2389;0;748;0;0.9920424403
2390;0;748;0;0.9920424403
2391;0;748;0;0.9920424403
2392;0;748;0;0.9920424403
2393;0;748;0;0.9920424403
2394;0;748;0;0.9920424403
2395;0;748;0;0.9920424403
2396;0;748;0;0.9920424403
2397;0;748;0;0.9920424403
2398;0;748;0;0.9920424403
2399;0;748;0;0.9920424403
2400;0;748;0;0.9920424403
2401;0;748;0;0.9920424403
2402;0;748;0;0.9920424403
2403;0;748;0;0.9920424403
2404;0;748;0;0.9920424403
2405;0;748;0;0.9920424403
2406;0;748;0;0.9920424403
2407;0;748;0;0.9920424403
2408;0;748;0;0.9920424403
2409;0;748;0;0.9920424403
2410;0;748;0;0.9920424403
2411;0;748;0;0.9920424403
2412;0;748;0;0.9920424403
2413;0;748;0;0.9920424403
2414;0;748;0;0.9920424403
2415;0;748;0;0.9920424403
2416;0;748;0;0.9920424403
2417;0;748;0;0.9920424403
2418;0;748;0;0.9920424403
2419;0;748;0;0.9920424403
2420;0;748;0;0.9920424403
2421;0;748;0;0.9920424403
2422;0;748;0;0.9920424403
2423;0;748;0;0.9920424403
2424;0;748;0;0.9920424403
2425;0;748;0;0.9920424403
2426;0;748;0;0.9920424403
2427;0;748;0;0.9920424403
2428;0;748;0;0.9920424403
2429;0;748;0;0.9920424403
2430;0;748;0;0.9920424403
2431;0;748;0;0.9920424403
2432;0;748;0;0.9920424403
2433;0;748;0;0.9920424403
2434;0;748;0;0.9920424403
2435;0;748;0;0.9920424403
2436;0;748;0;0.9920424403
2437;0;748;0;0.9920424403
2438;0;748;0;0.9920424403
2439;0;748;0;0.9920424403
2440;0;748;0;0.9920424403
2441;0;748;0;0.9920424403
2442;0;748;0;0.9920424403
2443;0;748;0;0.9920424403
2444;0;748;0;0.9920424403
2445;0;748;0;0.9920424403
2446;0;748;0;0.9920424403
2447;0;748;0;0.9920424403
2448;0;748;0;0.9920424403
2449;0;748;0;0.9920424403
2450;0;748;0;0.9920424403
2451;0;748;0;0.9920424403
2452;0;748;0;0.9920424403
2453;0;748;0;0.9920424403
2454;0;748;0;0.9920424403
2455;0;748;0;0.9920424403
2456;0;748;0;0.9920424403
2457;0;748;0;0.9920424403
2458;0;748;0;0.9920424403
2459;0;748;0;0.9920424403
2460;0;748;0;0.9920424403
2461;0;748;0;0.9920424403
2462;0;748;0;0.9920424403
2463;0;748;0;0.9920424403
2464;0;748;0;0.9920424403
2465;0;748;0;0.9920424403
2466;0;748;0;0.9920424403
2467;0;748;0;0.9920424403
2468;0;748;0;0.9920424403
2469;0;748;0;0.9920424403
2470;0;748;0;0.9920424403
2471;0;748;0;0.9920424403
2472;0;748;0;0.9920424403
2473;0;748;0;0.9920424403
2474;0;748;0;0.9920424403
2475;0;748;0;0.9920424403
2476;0;748;0;0.9920424403
2477;0;748;0;0.9920424403
2478;0;748;0;0.9920424403
2479;0;748;0;0.9920424403
2480;0;748;0;0.9920424403
2481;0;748;0;0.9920424403
2482;0;748;0;0.9920424403
2483;0;748;0;0.9920424403
2484;0;748;0;0.9920424403
2485;0;748;0;0.9920424403
2486;0;748;0;0.9920424403
2487;0;748;0;0.9920424403
2488;0;748;0;0.9920424403
2489;0;748;0;0.9920424403
2490;0;748;0;0.9920424403
2491;0;748;0;0.9920424403
2492;0;748;0;0.9920424403
2493;0;748;0;0.9920424403
2494;0;748;0;0.9920424403
2495;0;748;0;0.9920424403
2496;0;748;0;0.9920424403
2497;0;748;0;0.9920424403
2498;0;748;0;0.9920424403
2499;0;748;0;0.9920424403
2500;0;748;0;0.9920424403
2501;1;749;0.0013262599;0.9933687003
2502;0;749;0;0.9933687003
2503;0;749;0;0.9933687003
2504;0;749;0;0.9933687003
2505;0;749;0;0.9933687003
2506;0;749;0;0.9933687003
2507;0;749;0;0.9933687003
2508;0;749;0;0.9933687003
2509;0;749;0;0.9933687003
2510;0;749;0;0.9933687003
2511;0;749;0;0.9933687003
2512;0;749;0;0.9933687003
2513;0;749;0;0.9933687003
2514;0;749;0;0.9933687003
2515;0;749;0;0.9933687003
2516;0;749;0;0.9933687003
2517;0;749;0;0.9933687003
2518;0;749;0;0.9933687003
2519;0;749;0;0.9933687003
2520;0;749;0;0.9933687003
2521;0;749;0;0.9933687003
2522;0;749;0;0.9933687003
2523;0;749;0;0.9933687003
2524;0;749;0;0.9933687003
2525;0;749;0;0.9933687003
2526;0;749;0;0.9933687003
2527;0;749;0;0.9933687003
2528;0;749;0;0.9933687003
2529;0;749;0;0.9933687003
2530;0;749;0;0.9933687003
2531;0;749;0;0.9933687003
2532;0;749;0;0.9933687003
2533;0;749;0;0.9933687003
2534;0;749;0;0.9933687003
2535;0;749;0;0.9933687003
2536;0;749;0;0.9933687003
2537;0;749;0;0.9933687003
2538;0;749;0;0.9933687003
2539;0;749;0;0.9933687003
2540;0;749;0;0.9933687003
2541;0;749;0;0.9933687003
2542;0;749;0;0.9933687003
2543;0;749;0;0.9933687003
2544;0;749;0;0.9933687003
2545;0;749;0;0.9933687003
2546;0;749;0;0.9933687003
2547;0;749;0;0.9933687003
2548;0;749;0;0.9933687003
2549;0;749;0;0.9933687003
2550;0;749;0;0.9933687003
2551;0;749;0;0.9933687003
2552;0;749;0;0.9933687003
2553;0;749;0;0.9933687003
2554;0;749;0;0.9933687003
2555;0;749;0;0.9933687003
2556;0;749;0;0.9933687003
2557;0;749;0;0.9933687003
2558;0;749;0;0.9933687003
2559;0;749;0;0.9933687003
2560;0;749;0;0.9933687003
2561;0;749;0;0.9933687003
2562;0;749;0;0.9933687003
2563;0;749;0;0.9933687003
2564;0;749;0;0.9933687003
2565;0;749;0;0.9933687003
2566;0;749;0;0.9933687003
2567;0;749;0;0.9933687003
2568;0;749;0;0.9933687003
2569;0;749;0;0.9933687003
2570;0;749;0;0.9933687003
2571;0;749;0;0.9933687003
2572;0;749;0;0.9933687003
2573;0;749;0;0.9933687003
2574;0;749;0;0.9933687003
2575;0;749;0;0.9933687003
2576;0;749;0;0.9933687003
2577;0;749;0;0.9933687003
2578;0;749;0;0.9933687003
2579;0;749;0;0.9933687003
2580;0;749;0;0.9933687003
2581;0;749;0;0.9933687003
2582;0;749;0;0.9933687003
2583;0;749;0;0.9933687003
2584;0;749;0;0.9933687003
2585;0;749;0;0.9933687003
2586;0;749;0;0.9933687003
2587;0;749;0;0.9933687003
2588;0;749;0;0.9933687003
2589;0;749;0;0.9933687003
2590;0;749;0;0.9933687003
2591;0;749;0;0.9933687003
2592;0;749;0;0.9933687003
2593;0;749;0;0.9933687003
2594;0;749;0;0.9933687003
2595;0;749;0;0.9933687003
2596;0;749;0;0.9933687003
2597;0;749;0;0.9933687003
2598;0;749;0;0.9933687003
2599;0;749;0;0.9933687003
2600;0;749;0;0.9933687003
2601;0;749;0;0.9933687003
2602;0;749;0;0.9933687003
2603;0;749;0;0.9933687003
2604;0;749;0;0.9933687003
2605;0;749;0;0.9933687003
2606;0;749;0;0.9933687003
2607;0;749;0;0.9933687003
2608;0;749;0;0.9933687003
2609;0;749;0;0.9933687003
2610;0;749;0;0.9933687003
2611;0;749;0;0.9933687003
2612;0;749;0;0.9933687003
2613;0;749;0;0.9933687003
2614;0;749;0;0.9933687003
2615;0;749;0;0.9933687003
2616;0;749;0;0.9933687003
2617;0;749;0;0.9933687003
2618;0;749;0;0.9933687003
2619;0;749;0;0.9933687003
2620;0;749;0;0.9933687003
2621;0;749;0;0.9933687003
2622;0;749;0;0.9933687003
2623;0;749;0;0.9933687003
2624;0;749;0;0.9933687003
2625;0;749;0;0.9933687003
2626;0;749;0;0.9933687003
2627;0;749;0;0.9933687003
2628;0;749;0;0.9933687003
2629;0;749;0;0.9933687003
2630;0;749;0;0.9933687003
2631;0;749;0;0.9933687003
2632;0;749;0;0.9933687003
2633;0;749;0;0.9933687003
2634;0;749;0;0.9933687003
2635;0;749;0;0.9933687003
2636;0;749;0;0.9933687003
2637;0;749;0;0.9933687003
2638;0;749;0;0.9933687003
2639;0;749;0;0.9933687003
2640;0;749;0;0.9933687003
2641;0;749;0;0.9933687003
2642;0;749;0;0.9933687003
2643;0;749;0;0.9933687003
2644;0;749;0;0.9933687003
2645;0;749;0;0.9933687003
2646;0;749;0;0.9933687003
2647;0;749;0;0.9933687003
2648;0;749;0;0.9933687003
2649;0;749;0;0.9933687003
2650;0;749;0;0.9933687003
2651;0;749;0;0.9933687003
2652;0;749;0;0.9933687003
2653;0;749;0;0.9933687003
2654;0;749;0;0.9933687003
2655;0;749;0;0.9933687003
2656;0;749;0;0.9933687003
2657;0;749;0;0.9933687003
2658;0;749;0;0.9933687003
2659;0;749;0;0.9933687003
2660;0;749;0;0.9933687003
2661;0;749;0;0.9933687003
2662;0;749;0;0.9933687003
2663;0;749;0;0.9933687003
2664;0;749;0;0.9933687003
2665;0;749;0;0.9933687003
2666;0;749;0;0.9933687003
2667;0;749;0;0.9933687003
2668;0;749;0;0.9933687003
2669;0;749;0;0.9933687003
2670;0;749;0;0.9933687003
2671;0;749;0;0.9933687003
2672;0;749;0;0.9933687003
2673;0;749;0;0.9933687003
2674;0;749;0;0.9933687003
2675;0;749;0;0.9933687003
2676;0;749;0;0.9933687003
2677;0;749;0;0.9933687003
2678;0;749;0;0.9933687003
2679;0;749;0;0.9933687003
2680;0;749;0;0.9933687003
2681;0;749;0;0.9933687003
2682;0;749;0;0.9933687003
2683;0;749;0;0.9933687003
2684;0;749;0;0.9933687003
2685;0;749;0;0.9933687003
2686;0;749;0;0.9933687003
2687;0;749;0;0.9933687003
2688;0;749;0;0.9933687003
2689;0;749;0;0.9933687003
2690;0;749;0;0.9933687003
2691;0;749;0;0.9933687003
2692;0;749;0;0.9933687003
2693;0;749;0;0.9933687003
2694;0;749;0;0.9933687003
2695;0;749;0;0.9933687003
2696;0;749;0;0.9933687003
2697;0;749;0;0.9933687003
2698;0;749;0;0.9933687003
2699;0;749;0;0.9933687003
2700;0;749;0;0.9933687003
2701;0;749;0;0.9933687003
2702;1;750;0.0013262599;0.9946949602
2703;0;750;0;0.9946949602
2704;0;750;0;0.9946949602
2705;0;750;0;0.9946949602
2706;0;750;0;0.9946949602
2707;0;750;0;0.9946949602
2708;0;750;0;0.9946949602
2709;0;750;0;0.9946949602
2710;0;750;0;0.9946949602
2711;0;750;0;0.9946949602
2712;0;750;0;0.9946949602
2713;0;750;0;0.9946949602
2714;0;750;0;0.9946949602
2715;0;750;0;0.9946949602
2716;0;750;0;0.9946949602
2717;0;750;0;0.9946949602
2718;0;750;0;0.9946949602
2719;0;750;0;0.9946949602
2720;0;750;0;0.9946949602
2721;0;750;0;0.9946949602
2722;0;750;0;0.9946949602
2723;0;750;0;0.9946949602
2724;0;750;0;0.9946949602
2725;0;750;0;0.9946949602
2726;0;750;0;0.9946949602
2727;0;750;0;0.9946949602
2728;0;750;0;0.9946949602
2729;0;750;0;0.9946949602
2730;0;750;0;0.9946949602
2731;0;750;0;0.9946949602
2732;0;750;0;0.9946949602
2733;0;750;0;0.9946949602
2734;0;750;0;0.9946949602
2735;0;750;0;0.9946949602
2736;0;750;0;0.9946949602
2737;0;750;0;0.9946949602
2738;0;750;0;0.9946949602
2739;0;750;0;0.9946949602
2740;0;750;0;0.9946949602
2741;0;750;0;0.9946949602
2742;0;750;0;0.9946949602
2743;0;750;0;0.9946949602
2744;0;750;0;0.9946949602
2745;0;750;0;0.9946949602
2746;0;750;0;0.9946949602
2747;0;750;0;0.9946949602
2748;0;750;0;0.9946949602
2749;0;750;0;0.9946949602
2750;0;750;0;0.9946949602
2751;0;750;0;0.9946949602
2752;0;750;0;0.9946949602
2753;0;750;0;0.9946949602
2754;0;750;0;0.9946949602
2755;0;750;0;0.9946949602
2756;0;750;0;0.9946949602
2757;0;750;0;0.9946949602
2758;0;750;0;0.9946949602
2759;0;750;0;0.9946949602
2760;0;750;0;0.9946949602
2761;0;750;0;0.9946949602
2762;0;750;0;0.9946949602
2763;0;750;0;0.9946949602
2764;0;750;0;0.9946949602
2765;0;750;0;0.9946949602
2766;0;750;0;0.9946949602
2767;0;750;0;0.9946949602
2768;0;750;0;0.9946949602
2769;0;750;0;0.9946949602
2770;0;750;0;0.9946949602
2771;0;750;0;0.9946949602
2772;0;750;0;0.9946949602
2773;0;750;0;0.9946949602
2774;0;750;0;0.9946949602
2775;0;750;0;0.9946949602
2776;0;750;0;0.9946949602
2777;0;750;0;0.9946949602
2778;0;750;0;0.9946949602
2779;0;750;0;0.9946949602
2780;0;750;0;0.9946949602
2781;0;750;0;0.9946949602
2782;0;750;0;0.9946949602
2783;0;750;0;0.9946949602
2784;0;750;0;0.9946949602
2785;0;750;0;0.9946949602
2786;0;750;0;0.9946949602
2787;0;750;0;0.9946949602
2788;0;750;0;0.9946949602
2789;0;750;0;0.9946949602
2790;0;750;0;0.9946949602
2791;0;750;0;0.9946949602
2792;0;750;0;0.9946949602
2793;0;750;0;0.9946949602
2794;0;750;0;0.9946949602
2795;0;750;0;0.9946949602
2796;0;750;0;0.9946949602
2797;0;750;0;0.9946949602
2798;0;750;0;0.9946949602
2799;0;750;0;0.9946949602
2800;0;750;0;0.9946949602
2801;0;750;0;0.9946949602
2802;0;750;0;0.9946949602
2803;0;750;0;0.9946949602
2804;0;750;0;0.9946949602
2805;0;750;0;0.9946949602
2806;0;750;0;0.9946949602
2807;0;750;0;0.9946949602
2808;0;750;0;0.9946949602
2809;0;750;0;0.9946949602
2810;0;750;0;0.9946949602
2811;0;750;0;0.9946949602
2812;0;750;0;0.9946949602
2813;0;750;0;0.9946949602
2814;0;750;0;0.9946949602
2815;0;750;0;0.9946949602
2816;0;750;0;0.9946949602
2817;0;750;0;0.9946949602
2818;0;750;0;0.9946949602
2819;0;750;0;0.9946949602
2820;0;750;0;0.9946949602
2821;0;750;0;0.9946949602
2822;0;750;0;0.9946949602
2823;0;750;0;0.9946949602
2824;0;750;0;0.9946949602
2825;0;750;0;0.9946949602
2826;0;750;0;0.9946949602
2827;0;750;0;0.9946949602
2828;0;750;0;0.9946949602
2829;0;750;0;0.9946949602
2830;0;750;0;0.9946949602
2831;0;750;0;0.9946949602
2832;0;750;0;0.9946949602
2833;0;750;0;0.9946949602
2834;0;750;0;0.9946949602
2835;0;750;0;0.9946949602
2836;0;750;0;0.9946949602
2837;0;750;0;0.9946949602
2838;0;750;0;0.9946949602
2839;0;750;0;0.9946949602
2840;0;750;0;0.9946949602
2841;0;750;0;0.9946949602
2842;0;750;0;0.9946949602
2843;0;750;0;0.9946949602
2844;0;750;0;0.9946949602
2845;0;750;0;0.9946949602
2846;0;750;0;0.9946949602
2847;0;750;0;0.9946949602
2848;0;750;0;0.9946949602
2849;0;750;0;0.9946949602
2850;0;750;0;0.9946949602
2851;0;750;0;0.9946949602
2852;0;750;0;0.9946949602
2853;0;750;0;0.9946949602
2854;0;750;0;0.9946949602
2855;0;750;0;0.9946949602
2856;0;750;0;0.9946949602
2857;0;750;0;0.9946949602
2858;0;750;0;0.9946949602
2859;0;750;0;0.9946949602
2860;0;750;0;0.9946949602
2861;0;750;0;0.9946949602
2862;0;750;0;0.9946949602
2863;0;750;0;0.9946949602
2864;0;750;0;0.9946949602
2865;0;750;0;0.9946949602
2866;0;750;0;0.9946949602
2867;0;750;0;0.9946949602
2868;0;750;0;0.9946949602
2869;0;750;0;0.9946949602
2870;0;750;0;0.9946949602
2871;0;750;0;0.9946949602
2872;0;750;0;0.9946949602
2873;0;750;0;0.9946949602
2874;0;750;0;0.9946949602
2875;0;750;0;0.9946949602
2876;0;750;0;0.9946949602
2877;0;750;0;0.9946949602
2878;0;750;0;0.9946949602
2879;0;750;0;0.9946949602
2880;0;750;0;0.9946949602
2881;0;750;0;0.9946949602
2882;0;750;0;0.9946949602
2883;0;750;0;0.9946949602
2884;0;750;0;0.9946949602
2885;0;750;0;0.9946949602
2886;0;750;0;0.9946949602
2887;0;750;0;0.9946949602
2888;0;750;0;0.9946949602
2889;0;750;0;0.9946949602
2890;0;750;0;0.9946949602
2891;0;750;0;0.9946949602
2892;0;750;0;0.9946949602
2893;0;750;0;0.9946949602
2894;0;750;0;0.9946949602
2895;1;751;0.0013262599;0.9960212202
2896;0;751;0;0.9960212202
2897;0;751;0;0.9960212202
2898;0;751;0;0.9960212202
2899;0;751;0;0.9960212202
2900;0;751;0;0.9960212202
2901;0;751;0;0.9960212202
2902;0;751;0;0.9960212202
2903;0;751;0;0.9960212202
2904;0;751;0;0.9960212202
2905;1;752;0.0013262599;0.9973474801
2906;0;752;0;0.9973474801
2907;0;752;0;0.9973474801
2908;0;752;0;0.9973474801
2909;0;752;0;0.9973474801
2910;0;752;0;0.9973474801
2911;0;752;0;0.9973474801
2912;0;752;0;0.9973474801
2913;0;752;0;0.9973474801
2914;0;752;0;0.9973474801
2915;0;752;0;0.9973474801
2916;0;752;0;0.9973474801
2917;0;752;0;0.9973474801
2918;0;752;0;0.9973474801
2919;0;752;0;0.9973474801
2920;0;752;0;0.9973474801
2921;0;752;0;0.9973474801
2922;0;752;0;0.9973474801
2923;0;752;0;0.9973474801
2924;0;752;0;0.9973474801
2925;0;752;0;0.9973474801
2926;0;752;0;0.9973474801
2927;0;752;0;0.9973474801
2928;0;752;0;0.9973474801
2929;0;752;0;0.9973474801
2930;0;752;0;0.9973474801
2931;0;752;0;0.9973474801
2932;0;752;0;0.9973474801
2933;0;752;0;0.9973474801
2934;0;752;0;0.9973474801
2935;0;752;0;0.9973474801
2936;0;752;0;0.9973474801
2937;0;752;0;0.9973474801
2938;0;752;0;0.9973474801
2939;0;752;0;0.9973474801
2940;0;752;0;0.9973474801
2941;0;752;0;0.9973474801
2942;0;752;0;0.9973474801
2943;0;752;0;0.9973474801
2944;0;752;0;0.9973474801
2945;0;752;0;0.9973474801
2946;0;752;0;0.9973474801
2947;0;752;0;0.9973474801
2948;0;752;0;0.9973474801
2949;0;752;0;0.9973474801
2950;0;752;0;0.9973474801
2951;0;752;0;0.9973474801
2952;0;752;0;0.9973474801
2953;0;752;0;0.9973474801
2954;0;752;0;0.9973474801
2955;0;752;0;0.9973474801
2956;0;752;0;0.9973474801
2957;0;752;0;0.9973474801
2958;0;752;0;0.9973474801
2959;0;752;0;0.9973474801
2960;0;752;0;0.9973474801
2961;0;752;0;0.9973474801
2962;0;752;0;0.9973474801
2963;0;752;0;0.9973474801
2964;0;752;0;0.9973474801
2965;0;752;0;0.9973474801
2966;0;752;0;0.9973474801
2967;0;752;0;0.9973474801
2968;0;752;0;0.9973474801
2969;0;752;0;0.9973474801
2970;0;752;0;0.9973474801
2971;0;752;0;0.9973474801
2972;0;752;0;0.9973474801
2973;0;752;0;0.9973474801
2974;0;752;0;0.9973474801
2975;0;752;0;0.9973474801
2976;0;752;0;0.9973474801
2977;0;752;0;0.9973474801
2978;0;752;0;0.9973474801
2979;0;752;0;0.9973474801
2980;0;752;0;0.9973474801
2981;0;752;0;0.9973474801
2982;0;752;0;0.9973474801
2983;0;752;0;0.9973474801
2984;0;752;0;0.9973474801
2985;0;752;0;0.9973474801
2986;0;752;0;0.9973474801
2987;0;752;0;0.9973474801
2988;0;752;0;0.9973474801
2989;0;752;0;0.9973474801
2990;0;752;0;0.9973474801
2991;0;752;0;0.9973474801
2992;0;752;0;0.9973474801
2993;0;752;0;0.9973474801
2994;0;752;0;0.9973474801
2995;0;752;0;0.9973474801
2996;0;752;0;0.9973474801
2997;0;752;0;0.9973474801
2998;0;752;0;0.9973474801
2999;0;752;0;0.9973474801
3000;0;752;0;0.9973474801
3001;0;752;0;0.9973474801
3002;0;752;0;0.9973474801
3003;0;752;0;0.9973474801
3004;0;752;0;0.9973474801
3005;0;752;0;0.9973474801
3006;0;752;0;0.9973474801
3007;0;752;0;0.9973474801
3008;0;752;0;0.9973474801
3009;0;752;0;0.9973474801
3010;0;752;0;0.9973474801
3011;0;752;0;0.9973474801
3012;0;752;0;0.9973474801
3013;0;752;0;0.9973474801
3014;0;752;0;0.9973474801
3015;0;752;0;0.9973474801
3016;0;752;0;0.9973474801
3017;0;752;0;0.9973474801
3018;0;752;0;0.9973474801
3019;0;752;0;0.9973474801
3020;0;752;0;0.9973474801
3021;0;752;0;0.9973474801
3022;0;752;0;0.9973474801
3023;0;752;0;0.9973474801
3024;0;752;0;0.9973474801
3025;0;752;0;0.9973474801
3026;0;752;0;0.9973474801
3027;0;752;0;0.9973474801
3028;0;752;0;0.9973474801
3029;0;752;0;0.9973474801
3030;0;752;0;0.9973474801
3031;0;752;0;0.9973474801
3032;0;752;0;0.9973474801
3033;0;752;0;0.9973474801
3034;0;752;0;0.9973474801
3035;0;752;0;0.9973474801
3036;0;752;0;0.9973474801
3037;0;752;0;0.9973474801
3038;0;752;0;0.9973474801
3039;0;752;0;0.9973474801
3040;0;752;0;0.9973474801
3041;0;752;0;0.9973474801
3042;0;752;0;0.9973474801
3043;0;752;0;0.9973474801
3044;0;752;0;0.9973474801
3045;0;752;0;0.9973474801
3046;0;752;0;0.9973474801
3047;0;752;0;0.9973474801
3048;0;752;0;0.9973474801
3049;0;752;0;0.9973474801
3050;0;752;0;0.9973474801
3051;0;752;0;0.9973474801
3052;0;752;0;0.9973474801
3053;0;752;0;0.9973474801
3054;0;752;0;0.9973474801
3055;0;752;0;0.9973474801
3056;0;752;0;0.9973474801
3057;0;752;0;0.9973474801
3058;0;752;0;0.9973474801
3059;0;752;0;0.9973474801
3060;0;752;0;0.9973474801
3061;0;752;0;0.9973474801
3062;0;752;0;0.9973474801
3063;0;752;0;0.9973474801
3064;0;752;0;0.9973474801
3065;0;752;0;0.9973474801
3066;0;752;0;0.9973474801
3067;0;752;0;0.9973474801
3068;0;752;0;0.9973474801
3069;0;752;0;0.9973474801
3070;0;752;0;0.9973474801
3071;0;752;0;0.9973474801
3072;0;752;0;0.9973474801
3073;0;752;0;0.9973474801
3074;0;752;0;0.9973474801
3075;0;752;0;0.9973474801
3076;0;752;0;0.9973474801
3077;0;752;0;0.9973474801
3078;0;752;0;0.9973474801
3079;0;752;0;0.9973474801
3080;0;752;0;0.9973474801
3081;0;752;0;0.9973474801
3082;0;752;0;0.9973474801
3083;0;752;0;0.9973474801
3084;0;752;0;0.9973474801
3085;0;752;0;0.9973474801
3086;0;752;0;0.9973474801
3087;0;752;0;0.9973474801
3088;0;752;0;0.9973474801
3089;0;752;0;0.9973474801
3090;0;752;0;0.9973474801
3091;0;752;0;0.9973474801
3092;0;752;0;0.9973474801
3093;0;752;0;0.9973474801
3094;0;752;0;0.9973474801
3095;0;752;0;0.9973474801
3096;0;752;0;0.9973474801
3097;0;752;0;0.9973474801
3098;0;752;0;0.9973474801
3099;0;752;0;0.9973474801
3100;0;752;0;0.9973474801
3101;0;752;0;0.9973474801
3102;0;752;0;0.9973474801
3103;0;752;0;0.9973474801
3104;0;752;0;0.9973474801
3105;0;752;0;0.9973474801
3106;0;752;0;0.9973474801
3107;0;752;0;0.9973474801
3108;0;752;0;0.9973474801
3109;0;752;0;0.9973474801
3110;0;752;0;0.9973474801
3111;0;752;0;0.9973474801
3112;0;752;0;0.9973474801
3113;0;752;0;0.9973474801
3114;0;752;0;0.9973474801
3115;0;752;0;0.9973474801
3116;0;752;0;0.9973474801
3117;0;752;0;0.9973474801
3118;0;752;0;0.9973474801
3119;0;752;0;0.9973474801
3120;0;752;0;0.9973474801
3121;0;752;0;0.9973474801
3122;0;752;0;0.9973474801
3123;0;752;0;0.9973474801
3124;0;752;0;0.9973474801
3125;0;752;0;0.9973474801
3126;0;752;0;0.9973474801
3127;0;752;0;0.9973474801
3128;0;752;0;0.9973474801
3129;0;752;0;0.9973474801
3130;0;752;0;0.9973474801
3131;0;752;0;0.9973474801
3132;0;752;0;0.9973474801
3133;0;752;0;0.9973474801
3134;0;752;0;0.9973474801
3135;0;752;0;0.9973474801
3136;0;752;0;0.9973474801
3137;0;752;0;0.9973474801
3138;0;752;0;0.9973474801
3139;0;752;0;0.9973474801
3140;0;752;0;0.9973474801
3141;0;752;0;0.9973474801
3142;0;752;0;0.9973474801
3143;0;752;0;0.9973474801
3144;0;752;0;0.9973474801
3145;0;752;0;0.9973474801
3146;0;752;0;0.9973474801
3147;0;752;0;0.9973474801
3148;0;752;0;0.9973474801
3149;0;752;0;0.9973474801
3150;0;752;0;0.9973474801
3151;0;752;0;0.9973474801
3152;0;752;0;0.9973474801
3153;0;752;0;0.9973474801
3154;0;752;0;0.9973474801
3155;0;752;0;0.9973474801
3156;0;752;0;0.9973474801
3157;0;752;0;0.9973474801
3158;0;752;0;0.9973474801
3159;0;752;0;0.9973474801
3160;0;752;0;0.9973474801
3161;0;752;0;0.9973474801
3162;0;752;0;0.9973474801
3163;0;752;0;0.9973474801
3164;0;752;0;0.9973474801
3165;0;752;0;0.9973474801
3166;0;752;0;0.9973474801
3167;0;752;0;0.9973474801
3168;0;752;0;0.9973474801
3169;0;752;0;0.9973474801
3170;0;752;0;0.9973474801
3171;0;752;0;0.9973474801
3172;0;752;0;0.9973474801
3173;0;752;0;0.9973474801
3174;0;752;0;0.9973474801
3175;0;752;0;0.9973474801
3176;0;752;0;0.9973474801
3177;0;752;0;0.9973474801
3178;0;752;0;0.9973474801
3179;0;752;0;0.9973474801
3180;0;752;0;0.9973474801
3181;0;752;0;0.9973474801
3182;0;752;0;0.9973474801
3183;0;752;0;0.9973474801
3184;0;752;0;0.9973474801
3185;0;752;0;0.9973474801
3186;0;752;0;0.9973474801
3187;0;752;0;0.9973474801
3188;0;752;0;0.9973474801
3189;0;752;0;0.9973474801
3190;0;752;0;0.9973474801
3191;0;752;0;0.9973474801
3192;0;752;0;0.9973474801
3193;0;752;0;0.9973474801
3194;0;752;0;0.9973474801
3195;0;752;0;0.9973474801
3196;0;752;0;0.9973474801
3197;0;752;0;0.9973474801
3198;0;752;0;0.9973474801
3199;0;752;0;0.9973474801
3200;0;752;0;0.9973474801
3201;0;752;0;0.9973474801
3202;0;752;0;0.9973474801
3203;0;752;0;0.9973474801
3204;0;752;0;0.9973474801
3205;0;752;0;0.9973474801
3206;0;752;0;0.9973474801
3207;0;752;0;0.9973474801
3208;0;752;0;0.9973474801
3209;0;752;0;0.9973474801
3210;0;752;0;0.9973474801
3211;0;752;0;0.9973474801
3212;0;752;0;0.9973474801
3213;0;752;0;0.9973474801
3214;0;752;0;0.9973474801
3215;0;752;0;0.9973474801
3216;0;752;0;0.9973474801
3217;0;752;0;0.9973474801
3218;0;752;0;0.9973474801
3219;0;752;0;0.9973474801
3220;0;752;0;0.9973474801
3221;0;752;0;0.9973474801
3222;0;752;0;0.9973474801
3223;0;752;0;0.9973474801
3224;0;752;0;0.9973474801
3225;0;752;0;0.9973474801
3226;0;752;0;0.9973474801
3227;0;752;0;0.9973474801
3228;0;752;0;0.9973474801
3229;0;752;0;0.9973474801
3230;0;752;0;0.9973474801
3231;0;752;0;0.9973474801
3232;0;752;0;0.9973474801
3233;0;752;0;0.9973474801
3234;0;752;0;0.9973474801
3235;0;752;0;0.9973474801
3236;0;752;0;0.9973474801
3237;0;752;0;0.9973474801
3238;0;752;0;0.9973474801
3239;0;752;0;0.9973474801
3240;0;752;0;0.9973474801
3241;0;752;0;0.9973474801
3242;0;752;0;0.9973474801
3243;0;752;0;0.9973474801
3244;0;752;0;0.9973474801
3245;0;752;0;0.9973474801
3246;0;752;0;0.9973474801
3247;0;752;0;0.9973474801
3248;0;752;0;0.9973474801
3249;0;752;0;0.9973474801
3250;0;752;0;0.9973474801
3251;0;752;0;0.9973474801
3252;0;752;0;0.9973474801
3253;0;752;0;0.9973474801
3254;0;752;0;0.9973474801
3255;0;752;0;0.9973474801
3256;0;752;0;0.9973474801
3257;0;752;0;0.9973474801
3258;0;752;0;0.9973474801
3259;0;752;0;0.9973474801
3260;0;752;0;0.9973474801
3261;0;752;0;0.9973474801
3262;0;752;0;0.9973474801
3263;0;752;0;0.9973474801
3264;0;752;0;0.9973474801
3265;0;752;0;0.9973474801
3266;0;752;0;0.9973474801
3267;0;752;0;0.9973474801
3268;0;752;0;0.9973474801
3269;0;752;0;0.9973474801
3270;0;752;0;0.9973474801
3271;0;752;0;0.9973474801
3272;0;752;0;0.9973474801
3273;0;752;0;0.9973474801
3274;0;752;0;0.9973474801
3275;0;752;0;0.9973474801
3276;0;752;0;0.9973474801
3277;0;752;0;0.9973474801
3278;0;752;0;0.9973474801
3279;0;752;0;0.9973474801
3280;0;752;0;0.9973474801
3281;0;752;0;0.9973474801
3282;0;752;0;0.9973474801
3283;0;752;0;0.9973474801
3284;0;752;0;0.9973474801
3285;0;752;0;0.9973474801
3286;0;752;0;0.9973474801
3287;0;752;0;0.9973474801
3288;0;752;0;0.9973474801
3289;0;752;0;0.9973474801
3290;0;752;0;0.9973474801
3291;0;752;0;0.9973474801
3292;0;752;0;0.9973474801
3293;0;752;0;0.9973474801
3294;0;752;0;0.9973474801
3295;0;752;0;0.9973474801
3296;0;752;0;0.9973474801
3297;0;752;0;0.9973474801
3298;0;752;0;0.9973474801
3299;0;752;0;0.9973474801
3300;0;752;0;0.9973474801
3301;0;752;0;0.9973474801
3302;0;752;0;0.9973474801
3303;0;752;0;0.9973474801
3304;0;752;0;0.9973474801
3305;0;752;0;0.9973474801
3306;0;752;0;0.9973474801
3307;0;752;0;0.9973474801
3308;0;752;0;0.9973474801
3309;0;752;0;0.9973474801
3310;0;752;0;0.9973474801
3311;0;752;0;0.9973474801
3312;0;752;0;0.9973474801
3313;0;752;0;0.9973474801
3314;0;752;0;0.9973474801
3315;0;752;0;0.9973474801
3316;0;752;0;0.9973474801
3317;0;752;0;0.9973474801
3318;0;752;0;0.9973474801
3319;0;752;0;0.9973474801
3320;0;752;0;0.9973474801
3321;0;752;0;0.9973474801
3322;0;752;0;0.9973474801
3323;0;752;0;0.9973474801
3324;0;752;0;0.9973474801
3325;0;752;0;0.9973474801
3326;0;752;0;0.9973474801
3327;0;752;0;0.9973474801
3328;0;752;0;0.9973474801
3329;0;752;0;0.9973474801
3330;0;752;0;0.9973474801
3331;0;752;0;0.9973474801
3332;0;752;0;0.9973474801
3333;0;752;0;0.9973474801
3334;0;752;0;0.9973474801
3335;0;752;0;0.9973474801
3336;0;752;0;0.9973474801
3337;0;752;0;0.9973474801
3338;0;752;0;0.9973474801
3339;0;752;0;0.9973474801
3340;0;752;0;0.9973474801
3341;0;752;0;0.9973474801
3342;0;752;0;0.9973474801
3343;0;752;0;0.9973474801
3344;0;752;0;0.9973474801
3345;0;752;0;0.9973474801
3346;0;752;0;0.9973474801
3347;0;752;0;0.9973474801
3348;0;752;0;0.9973474801
3349;0;752;0;0.9973474801
3350;0;752;0;0.9973474801
3351;0;752;0;0.9973474801
3352;0;752;0;0.9973474801
3353;0;752;0;0.9973474801
3354;0;752;0;0.9973474801
3355;0;752;0;0.9973474801
3356;0;752;0;0.9973474801
3357;0;752;0;0.9973474801
3358;0;752;0;0.9973474801
3359;0;752;0;0.9973474801
3360;0;752;0;0.9973474801
3361;0;752;0;0.9973474801
3362;0;752;0;0.9973474801
3363;0;752;0;0.9973474801
3364;0;752;0;0.9973474801
3365;0;752;0;0.9973474801
3366;0;752;0;0.9973474801
3367;0;752;0;0.9973474801
3368;0;752;0;0.9973474801
3369;0;752;0;0.9973474801
3370;0;752;0;0.9973474801
3371;0;752;0;0.9973474801
3372;0;752;0;0.9973474801
3373;0;752;0;0.9973474801
3374;0;752;0;0.9973474801
3375;0;752;0;0.9973474801
3376;0;752;0;0.9973474801
3377;0;752;0;0.9973474801
3378;0;752;0;0.9973474801
3379;0;752;0;0.9973474801
3380;0;752;0;0.9973474801
3381;0;752;0;0.9973474801
3382;0;752;0;0.9973474801
3383;0;752;0;0.9973474801
3384;0;752;0;0.9973474801
3385;0;752;0;0.9973474801
3386;0;752;0;0.9973474801
3387;0;752;0;0.9973474801
3388;0;752;0;0.9973474801
3389;0;752;0;0.9973474801
3390;0;752;0;0.9973474801
3391;0;752;0;0.9973474801
3392;0;752;0;0.9973474801
3393;0;752;0;0.9973474801
3394;0;752;0;0.9973474801
3395;0;752;0;0.9973474801
3396;0;752;0;0.9973474801
3397;0;752;0;0.9973474801
3398;0;752;0;0.9973474801
3399;0;752;0;0.9973474801
3400;0;752;0;0.9973474801
3401;0;752;0;0.9973474801
3402;0;752;0;0.9973474801
3403;0;752;0;0.9973474801
3404;0;752;0;0.9973474801
3405;0;752;0;0.9973474801
3406;0;752;0;0.9973474801
3407;0;752;0;0.9973474801
3408;0;752;0;0.9973474801
3409;0;752;0;0.9973474801
3410;0;752;0;0.9973474801
3411;0;752;0;0.9973474801
3412;0;752;0;0.9973474801
3413;0;752;0;0.9973474801
3414;0;752;0;0.9973474801
3415;0;752;0;0.9973474801
3416;0;752;0;0.9973474801
3417;0;752;0;0.9973474801
3418;0;752;0;0.9973474801
3419;0;752;0;0.9973474801
3420;0;752;0;0.9973474801
3421;0;752;0;0.9973474801
3422;0;752;0;0.9973474801
3423;0;752;0;0.9973474801
3424;0;752;0;0.9973474801
3425;0;752;0;0.9973474801
3426;0;752;0;0.9973474801
3427;0;752;0;0.9973474801
3428;0;752;0;0.9973474801
3429;0;752;0;0.9973474801
3430;0;752;0;0.9973474801
3431;0;752;0;0.9973474801
3432;0;752;0;0.9973474801
3433;0;752;0;0.9973474801
3434;0;752;0;0.9973474801
3435;0;752;0;0.9973474801
3436;0;752;0;0.9973474801
3437;0;752;0;0.9973474801
3438;0;752;0;0.9973474801
3439;0;752;0;0.9973474801
3440;0;752;0;0.9973474801
3441;0;752;0;0.9973474801
3442;0;752;0;0.9973474801
3443;0;752;0;0.9973474801
3444;0;752;0;0.9973474801
3445;0;752;0;0.9973474801
3446;0;752;0;0.9973474801
3447;0;752;0;0.9973474801
3448;0;752;0;0.9973474801
3449;0;752;0;0.9973474801
3450;0;752;0;0.9973474801
3451;0;752;0;0.9973474801
3452;0;752;0;0.9973474801
3453;0;752;0;0.9973474801
3454;0;752;0;0.9973474801
3455;0;752;0;0.9973474801
3456;0;752;0;0.9973474801
3457;0;752;0;0.9973474801
3458;0;752;0;0.9973474801
3459;0;752;0;0.9973474801
3460;0;752;0;0.9973474801
3461;0;752;0;0.9973474801
3462;0;752;0;0.9973474801
3463;0;752;0;0.9973474801
3464;0;752;0;0.9973474801
3465;0;752;0;0.9973474801
3466;0;752;0;0.9973474801
3467;0;752;0;0.9973474801
3468;0;752;0;0.9973474801
3469;0;752;0;0.9973474801
3470;0;752;0;0.9973474801
3471;0;752;0;0.9973474801
3472;0;752;0;0.9973474801
3473;0;752;0;0.9973474801
3474;0;752;0;0.9973474801
3475;0;752;0;0.9973474801
3476;0;752;0;0.9973474801
3477;0;752;0;0.9973474801
3478;0;752;0;0.9973474801
3479;0;752;0;0.9973474801
3480;0;752;0;0.9973474801
3481;0;752;0;0.9973474801
3482;0;752;0;0.9973474801
3483;0;752;0;0.9973474801
3484;0;752;0;0.9973474801
3485;0;752;0;0.9973474801
3486;0;752;0;0.9973474801
3487;0;752;0;0.9973474801
3488;0;752;0;0.9973474801
3489;0;752;0;0.9973474801
3490;0;752;0;0.9973474801
3491;0;752;0;0.9973474801
3492;0;752;0;0.9973474801
3493;0;752;0;0.9973474801
3494;0;752;0;0.9973474801
3495;0;752;0;0.9973474801
3496;0;752;0;0.9973474801
3497;0;752;0;0.9973474801
3498;0;752;0;0.9973474801
3499;0;752;0;0.9973474801
3500;0;752;0;0.9973474801
3501;0;752;0;0.9973474801
3502;0;752;0;0.9973474801
3503;0;752;0;0.9973474801
3504;0;752;0;0.9973474801
3505;0;752;0;0.9973474801
3506;0;752;0;0.9973474801
3507;0;752;0;0.9973474801
3508;0;752;0;0.9973474801
3509;0;752;0;0.9973474801
3510;0;752;0;0.9973474801
3511;0;752;0;0.9973474801
3512;0;752;0;0.9973474801
3513;0;752;0;0.9973474801
3514;0;752;0;0.9973474801
3515;0;752;0;0.9973474801
3516;0;752;0;0.9973474801
3517;0;752;0;0.9973474801
3518;0;752;0;0.9973474801
3519;0;752;0;0.9973474801
3520;0;752;0;0.9973474801
3521;0;752;0;0.9973474801
3522;0;752;0;0.9973474801
3523;0;752;0;0.9973474801
3524;0;752;0;0.9973474801
3525;0;752;0;0.9973474801
3526;0;752;0;0.9973474801
3527;0;752;0;0.9973474801
3528;0;752;0;0.9973474801
3529;0;752;0;0.9973474801
3530;0;752;0;0.9973474801
3531;0;752;0;0.9973474801
3532;0;752;0;0.9973474801
3533;0;752;0;0.9973474801
3534;0;752;0;0.9973474801
3535;0;752;0;0.9973474801
3536;0;752;0;0.9973474801
3537;0;752;0;0.9973474801
3538;0;752;0;0.9973474801
3539;0;752;0;0.9973474801
3540;0;752;0;0.9973474801
3541;0;752;0;0.9973474801
3542;0;752;0;0.9973474801
3543;0;752;0;0.9973474801
3544;0;752;0;0.9973474801
3545;0;752;0;0.9973474801
3546;0;752;0;0.9973474801
3547;0;752;0;0.9973474801
3548;0;752;0;0.9973474801
3549;0;752;0;0.9973474801
3550;0;752;0;0.9973474801
3551;0;752;0;0.9973474801
3552;0;752;0;0.9973474801
3553;0;752;0;0.9973474801
3554;0;752;0;0.9973474801
3555;0;752;0;0.9973474801
3556;0;752;0;0.9973474801
3557;0;752;0;0.9973474801
3558;0;752;0;0.9973474801
3559;0;752;0;0.9973474801
3560;0;752;0;0.9973474801
3561;0;752;0;0.9973474801
3562;0;752;0;0.9973474801
3563;0;752;0;0.9973474801
3564;0;752;0;0.9973474801
3565;0;752;0;0.9973474801
3566;0;752;0;0.9973474801
3567;0;752;0;0.9973474801
3568;0;752;0;0.9973474801
3569;0;752;0;0.9973474801
3570;0;752;0;0.9973474801
3571;0;752;0;0.9973474801
3572;0;752;0;0.9973474801
3573;0;752;0;0.9973474801
3574;0;752;0;0.9973474801
3575;0;752;0;0.9973474801
3576;0;752;0;0.9973474801
3577;0;752;0;0.9973474801
3578;0;752;0;0.9973474801
3579;0;752;0;0.9973474801
3580;0;752;0;0.9973474801
3581;0;752;0;0.9973474801
3582;0;752;0;0.9973474801
3583;0;752;0;0.9973474801
3584;0;752;0;0.9973474801
3585;0;752;0;0.9973474801
3586;0;752;0;0.9973474801
3587;0;752;0;0.9973474801
3588;0;752;0;0.9973474801
3589;0;752;0;0.9973474801
3590;0;752;0;0.9973474801
3591;0;752;0;0.9973474801
3592;0;752;0;0.9973474801
3593;0;752;0;0.9973474801
3594;0;752;0;0.9973474801
3595;0;752;0;0.9973474801
3596;0;752;0;0.9973474801
3597;0;752;0;0.9973474801
3598;0;752;0;0.9973474801
3599;0;752;0;0.9973474801
3600;0;752;0;0.9973474801
3601;0;752;0;0.9973474801
3602;0;752;0;0.9973474801
3603;0;752;0;0.9973474801
3604;0;752;0;0.9973474801
3605;0;752;0;0.9973474801
3606;0;752;0;0.9973474801
3607;0;752;0;0.9973474801
3608;0;752;0;0.9973474801
3609;0;752;0;0.9973474801
3610;0;752;0;0.9973474801
3611;0;752;0;0.9973474801
3612;0;752;0;0.9973474801
3613;0;752;0;0.9973474801
3614;0;752;0;0.9973474801
3615;0;752;0;0.9973474801
3616;0;752;0;0.9973474801
3617;0;752;0;0.9973474801
3618;0;752;0;0.9973474801
3619;0;752;0;0.9973474801
3620;0;752;0;0.9973474801
3621;0;752;0;0.9973474801
3622;0;752;0;0.9973474801
3623;0;752;0;0.9973474801
3624;0;752;0;0.9973474801
3625;0;752;0;0.9973474801
3626;0;752;0;0.9973474801
3627;0;752;0;0.9973474801
3628;0;752;0;0.9973474801
3629;0;752;0;0.9973474801
3630;0;752;0;0.9973474801
3631;0;752;0;0.9973474801
3632;0;752;0;0.9973474801
3633;0;752;0;0.9973474801
3634;0;752;0;0.9973474801
3635;0;752;0;0.9973474801
3636;0;752;0;0.9973474801
3637;0;752;0;0.9973474801
3638;0;752;0;0.9973474801
3639;0;752;0;0.9973474801
3640;0;752;0;0.9973474801
3641;0;752;0;0.9973474801
3642;0;752;0;0.9973474801
3643;0;752;0;0.9973474801
3644;0;752;0;0.9973474801
3645;0;752;0;0.9973474801
3646;0;752;0;0.9973474801
3647;0;752;0;0.9973474801
3648;0;752;0;0.9973474801
3649;0;752;0;0.9973474801
3650;0;752;0;0.9973474801
3651;0;752;0;0.9973474801
3652;0;752;0;0.9973474801
3653;0;752;0;0.9973474801
3654;0;752;0;0.9973474801
3655;0;752;0;0.9973474801
3656;0;752;0;0.9973474801
3657;0;752;0;0.9973474801
3658;0;752;0;0.9973474801
3659;0;752;0;0.9973474801
3660;0;752;0;0.9973474801
3661;0;752;0;0.9973474801
3662;0;752;0;0.9973474801
3663;0;752;0;0.9973474801
3664;0;752;0;0.9973474801
3665;0;752;0;0.9973474801
3666;0;752;0;0.9973474801
3667;0;752;0;0.9973474801
3668;0;752;0;0.9973474801
3669;0;752;0;0.9973474801
3670;0;752;0;0.9973474801
3671;0;752;0;0.9973474801
3672;0;752;0;0.9973474801
3673;0;752;0;0.9973474801
3674;0;752;0;0.9973474801
3675;0;752;0;0.9973474801
3676;0;752;0;0.9973474801
3677;0;752;0;0.9973474801
3678;0;752;0;0.9973474801
3679;0;752;0;0.9973474801
3680;0;752;0;0.9973474801
3681;0;752;0;0.9973474801
3682;0;752;0;0.9973474801
3683;0;752;0;0.9973474801
3684;0;752;0;0.9973474801
3685;0;752;0;0.9973474801
3686;0;752;0;0.9973474801
3687;0;752;0;0.9973474801
3688;0;752;0;0.9973474801
3689;0;752;0;0.9973474801
3690;0;752;0;0.9973474801
3691;0;752;0;0.9973474801
3692;0;752;0;0.9973474801
3693;0;752;0;0.9973474801
3694;0;752;0;0.9973474801
3695;0;752;0;0.9973474801
3696;0;752;0;0.9973474801
3697;0;752;0;0.9973474801
3698;0;752;0;0.9973474801
3699;0;752;0;0.9973474801
3700;0;752;0;0.9973474801
3701;0;752;0;0.9973474801
3702;0;752;0;0.9973474801
3703;0;752;0;0.9973474801
3704;0;752;0;0.9973474801
3705;0;752;0;0.9973474801
3706;0;752;0;0.9973474801
3707;0;752;0;0.9973474801
3708;0;752;0;0.9973474801
3709;0;752;0;0.9973474801
3710;0;752;0;0.9973474801
3711;0;752;0;0.9973474801
3712;0;752;0;0.9973474801
3713;0;752;0;0.9973474801
3714;0;752;0;0.9973474801
3715;0;752;0;0.9973474801
3716;0;752;0;0.9973474801
3717;0;752;0;0.9973474801
3718;0;752;0;0.9973474801
3719;0;752;0;0.9973474801
3720;0;752;0;0.9973474801
3721;0;752;0;0.9973474801
3722;0;752;0;0.9973474801
3723;0;752;0;0.9973474801
3724;0;752;0;0.9973474801
3725;0;752;0;0.9973474801
3726;0;752;0;0.9973474801
3727;0;752;0;0.9973474801
3728;0;752;0;0.9973474801
3729;0;752;0;0.9973474801
3730;0;752;0;0.9973474801
3731;0;752;0;0.9973474801
3732;0;752;0;0.9973474801
3733;0;752;0;0.9973474801
3734;0;752;0;0.9973474801
3735;0;752;0;0.9973474801
3736;0;752;0;0.9973474801
3737;0;752;0;0.9973474801
3738;0;752;0;0.9973474801
3739;0;752;0;0.9973474801
3740;0;752;0;0.9973474801
3741;0;752;0;0.9973474801
3742;0;752;0;0.9973474801
3743;0;752;0;0.9973474801
3744;0;752;0;0.9973474801
3745;0;752;0;0.9973474801
3746;0;752;0;0.9973474801
3747;0;752;0;0.9973474801
3748;0;752;0;0.9973474801
3749;0;752;0;0.9973474801
3750;0;752;0;0.9973474801
3751;0;752;0;0.9973474801
3752;0;752;0;0.9973474801
3753;0;752;0;0.9973474801
3754;0;752;0;0.9973474801
3755;0;752;0;0.9973474801
3756;0;752;0;0.9973474801
3757;0;752;0;0.9973474801
3758;0;752;0;0.9973474801
3759;0;752;0;0.9973474801
3760;0;752;0;0.9973474801
3761;0;752;0;0.9973474801
3762;0;752;0;0.9973474801
3763;0;752;0;0.9973474801
3764;0;752;0;0.9973474801
3765;0;752;0;0.9973474801
3766;0;752;0;0.9973474801
3767;0;752;0;0.9973474801
3768;0;752;0;0.9973474801
3769;0;752;0;0.9973474801
3770;0;752;0;0.9973474801
3771;0;752;0;0.9973474801
3772;0;752;0;0.9973474801
3773;0;752;0;0.9973474801
3774;0;752;0;0.9973474801
3775;0;752;0;0.9973474801
3776;0;752;0;0.9973474801
3777;0;752;0;0.9973474801
3778;0;752;0;0.9973474801
3779;0;752;0;0.9973474801
3780;0;752;0;0.9973474801
3781;0;752;0;0.9973474801
3782;0;752;0;0.9973474801
3783;0;752;0;0.9973474801
3784;0;752;0;0.9973474801
3785;0;752;0;0.9973474801
3786;0;752;0;0.9973474801
3787;0;752;0;0.9973474801
3788;0;752;0;0.9973474801
3789;0;752;0;0.9973474801
3790;0;752;0;0.9973474801
3791;0;752;0;0.9973474801
3792;0;752;0;0.9973474801
3793;0;752;0;0.9973474801
3794;0;752;0;0.9973474801
3795;0;752;0;0.9973474801
3796;0;752;0;0.9973474801
3797;0;752;0;0.9973474801
3798;0;752;0;0.9973474801
3799;0;752;0;0.9973474801
3800;0;752;0;0.9973474801
3801;0;752;0;0.9973474801
3802;0;752;0;0.9973474801
3803;0;752;0;0.9973474801
3804;0;752;0;0.9973474801
3805;0;752;0;0.9973474801
3806;0;752;0;0.9973474801
3807;0;752;0;0.9973474801
3808;0;752;0;0.9973474801
3809;0;752;0;0.9973474801
3810;0;752;0;0.9973474801
3811;0;752;0;0.9973474801
3812;0;752;0;0.9973474801
3813;0;752;0;0.9973474801
3814;0;752;0;0.9973474801
3815;0;752;0;0.9973474801
3816;0;752;0;0.9973474801
3817;0;752;0;0.9973474801
3818;0;752;0;0.9973474801
3819;0;752;0;0.9973474801
3820;0;752;0;0.9973474801
3821;0;752;0;0.9973474801
3822;0;752;0;0.9973474801
3823;0;752;0;0.9973474801
3824;0;752;0;0.9973474801
3825;0;752;0;0.9973474801
3826;0;752;0;0.9973474801
3827;0;752;0;0.9973474801
3828;0;752;0;0.9973474801
3829;0;752;0;0.9973474801
3830;0;752;0;0.9973474801
3831;0;752;0;0.9973474801
3832;0;752;0;0.9973474801
3833;0;752;0;0.9973474801
3834;0;752;0;0.9973474801
3835;0;752;0;0.9973474801
3836;0;752;0;0.9973474801
3837;0;752;0;0.9973474801
3838;0;752;0;0.9973474801
3839;0;752;0;0.9973474801
3840;0;752;0;0.9973474801
3841;0;752;0;0.9973474801
3842;0;752;0;0.9973474801
3843;0;752;0;0.9973474801
3844;0;752;0;0.9973474801
3845;0;752;0;0.9973474801
3846;0;752;0;0.9973474801
3847;0;752;0;0.9973474801
3848;0;752;0;0.9973474801
3849;0;752;0;0.9973474801
3850;0;752;0;0.9973474801
3851;0;752;0;0.9973474801
3852;0;752;0;0.9973474801
3853;0;752;0;0.9973474801
3854;0;752;0;0.9973474801
3855;0;752;0;0.9973474801
3856;0;752;0;0.9973474801
3857;0;752;0;0.9973474801
3858;0;752;0;0.9973474801
3859;0;752;0;0.9973474801
3860;0;752;0;0.9973474801
3861;0;752;0;0.9973474801
3862;0;752;0;0.9973474801
3863;0;752;0;0.9973474801
3864;0;752;0;0.9973474801
3865;0;752;0;0.9973474801
3866;0;752;0;0.9973474801
3867;0;752;0;0.9973474801
3868;0;752;0;0.9973474801
3869;0;752;0;0.9973474801
3870;1;753;0.0013262599;0.9986737401
3871;0;753;0;0.9986737401
3872;0;753;0;0.9986737401
3873;0;753;0;0.9986737401
3874;0;753;0;0.9986737401
3875;0;753;0;0.9986737401
3876;0;753;0;0.9986737401
3877;0;753;0;0.9986737401
3878;0;753;0;0.9986737401
3879;0;753;0;0.9986737401
3880;0;753;0;0.9986737401
3881;0;753;0;0.9986737401
3882;0;753;0;0.9986737401
3883;0;753;0;0.9986737401
3884;0;753;0;0.9986737401
3885;0;753;0;0.9986737401
3886;0;753;0;0.9986737401
3887;0;753;0;0.9986737401
3888;0;753;0;0.9986737401
3889;0;753;0;0.9986737401
3890;0;753;0;0.9986737401
3891;0;753;0;0.9986737401
3892;0;753;0;0.9986737401
3893;0;753;0;0.9986737401
3894;0;753;0;0.9986737401
3895;0;753;0;0.9986737401
3896;0;753;0;0.9986737401
3897;0;753;0;0.9986737401
3898;0;753;0;0.9986737401
3899;0;753;0;0.9986737401
3900;0;753;0;0.9986737401
3901;0;753;0;0.9986737401
3902;0;753;0;0.9986737401
3903;0;753;0;0.9986737401
3904;0;753;0;0.9986737401
3905;0;753;0;0.9986737401
3906;0;753;0;0.9986737401
3907;0;753;0;0.9986737401
3908;0;753;0;0.9986737401
3909;0;753;0;0.9986737401
3910;0;753;0;0.9986737401
3911;0;753;0;0.9986737401
3912;0;753;0;0.9986737401
3913;0;753;0;0.9986737401
3914;0;753;0;0.9986737401
3915;0;753;0;0.9986737401
3916;0;753;0;0.9986737401
3917;0;753;0;0.9986737401
3918;0;753;0;0.9986737401
3919;0;753;0;0.9986737401
3920;0;753;0;0.9986737401
3921;0;753;0;0.9986737401
3922;0;753;0;0.9986737401
3923;0;753;0;0.9986737401
3924;0;753;0;0.9986737401
3925;0;753;0;0.9986737401
3926;0;753;0;0.9986737401
3927;0;753;0;0.9986737401
3928;0;753;0;0.9986737401
3929;0;753;0;0.9986737401
3930;0;753;0;0.9986737401
3931;0;753;0;0.9986737401
3932;0;753;0;0.9986737401
3933;0;753;0;0.9986737401
3934;0;753;0;0.9986737401
3935;0;753;0;0.9986737401
3936;0;753;0;0.9986737401
3937;0;753;0;0.9986737401
3938;0;753;0;0.9986737401
3939;0;753;0;0.9986737401
3940;0;753;0;0.9986737401
3941;0;753;0;0.9986737401
3942;0;753;0;0.9986737401
3943;0;753;0;0.9986737401
3944;0;753;0;0.9986737401
3945;0;753;0;0.9986737401
3946;0;753;0;0.9986737401
3947;0;753;0;0.9986737401
3948;0;753;0;0.9986737401
3949;0;753;0;0.9986737401
3950;0;753;0;0.9986737401
3951;0;753;0;0.9986737401
3952;0;753;0;0.9986737401
3953;0;753;0;0.9986737401
3954;0;753;0;0.9986737401
3955;0;753;0;0.9986737401
3956;0;753;0;0.9986737401
3957;0;753;0;0.9986737401
3958;0;753;0;0.9986737401
3959;0;753;0;0.9986737401
3960;0;753;0;0.9986737401
3961;0;753;0;0.9986737401
3962;0;753;0;0.9986737401
3963;0;753;0;0.9986737401
3964;0;753;0;0.9986737401
3965;0;753;0;0.9986737401
3966;0;753;0;0.9986737401
3967;0;753;0;0.9986737401
3968;0;753;0;0.9986737401
3969;0;753;0;0.9986737401
3970;0;753;0;0.9986737401
3971;0;753;0;0.9986737401
3972;0;753;0;0.9986737401
3973;0;753;0;0.9986737401
3974;0;753;0;0.9986737401
3975;0;753;0;0.9986737401
3976;0;753;0;0.9986737401
3977;0;753;0;0.9986737401
3978;0;753;0;0.9986737401
3979;0;753;0;0.9986737401
3980;0;753;0;0.9986737401
3981;0;753;0;0.9986737401
3982;0;753;0;0.9986737401
3983;0;753;0;0.9986737401
3984;0;753;0;0.9986737401
3985;0;753;0;0.9986737401
3986;0;753;0;0.9986737401
3987;0;753;0;0.9986737401
3988;0;753;0;0.9986737401
3989;0;753;0;0.9986737401
3990;0;753;0;0.9986737401
3991;0;753;0;0.9986737401
3992;0;753;0;0.9986737401
3993;0;753;0;0.9986737401
3994;0;753;0;0.9986737401
3995;0;753;0;0.9986737401
3996;0;753;0;0.9986737401
3997;0;753;0;0.9986737401
3998;0;753;0;0.9986737401
3999;0;753;0;0.9986737401
4000;0;753;0;0.9986737401
4001;0;753;0;0.9986737401
4002;0;753;0;0.9986737401
4003;0;753;0;0.9986737401
4004;0;753;0;0.9986737401
4005;0;753;0;0.9986737401
4006;0;753;0;0.9986737401
4007;0;753;0;0.9986737401
4008;0;753;0;0.9986737401
4009;0;753;0;0.9986737401
4010;0;753;0;0.9986737401
4011;0;753;0;0.9986737401
4012;0;753;0;0.9986737401
4013;0;753;0;0.9986737401
4014;0;753;0;0.9986737401
4015;0;753;0;0.9986737401
4016;0;753;0;0.9986737401
4017;0;753;0;0.9986737401
4018;0;753;0;0.9986737401
4019;0;753;0;0.9986737401
4020;0;753;0;0.9986737401
4021;0;753;0;0.9986737401
4022;0;753;0;0.9986737401
4023;0;753;0;0.9986737401
4024;0;753;0;0.9986737401
4025;0;753;0;0.9986737401
4026;0;753;0;0.9986737401
4027;0;753;0;0.9986737401
4028;0;753;0;0.9986737401
4029;0;753;0;0.9986737401
4030;0;753;0;0.9986737401
4031;0;753;0;0.9986737401
4032;0;753;0;0.9986737401
4033;0;753;0;0.9986737401
4034;0;753;0;0.9986737401
4035;0;753;0;0.9986737401
4036;0;753;0;0.9986737401
4037;0;753;0;0.9986737401
4038;0;753;0;0.9986737401
4039;0;753;0;0.9986737401
4040;0;753;0;0.9986737401
4041;0;753;0;0.9986737401
4042;0;753;0;0.9986737401
4043;0;753;0;0.9986737401
4044;0;753;0;0.9986737401
4045;0;753;0;0.9986737401
4046;0;753;0;0.9986737401
4047;0;753;0;0.9986737401
4048;0;753;0;0.9986737401
4049;0;753;0;0.9986737401
4050;0;753;0;0.9986737401
4051;0;753;0;0.9986737401
4052;0;753;0;0.9986737401
4053;0;753;0;0.9986737401
4054;0;753;0;0.9986737401
4055;0;753;0;0.9986737401
4056;0;753;0;0.9986737401
4057;0;753;0;0.9986737401
4058;0;753;0;0.9986737401
4059;0;753;0;0.9986737401
4060;0;753;0;0.9986737401
4061;0;753;0;0.9986737401
4062;0;753;0;0.9986737401
4063;0;753;0;0.9986737401
4064;0;753;0;0.9986737401
4065;0;753;0;0.9986737401
4066;0;753;0;0.9986737401
4067;0;753;0;0.9986737401
4068;0;753;0;0.9986737401
4069;0;753;0;0.9986737401
4070;0;753;0;0.9986737401
4071;0;753;0;0.9986737401
4072;0;753;0;0.9986737401
4073;0;753;0;0.9986737401
4074;0;753;0;0.9986737401
4075;0;753;0;0.9986737401
4076;0;753;0;0.9986737401
4077;0;753;0;0.9986737401
4078;0;753;0;0.9986737401
4079;0;753;0;0.9986737401
4080;0;753;0;0.9986737401
4081;0;753;0;0.9986737401
4082;0;753;0;0.9986737401
4083;0;753;0;0.9986737401
4084;0;753;0;0.9986737401
4085;0;753;0;0.9986737401
4086;0;753;0;0.9986737401
4087;0;753;0;0.9986737401
4088;0;753;0;0.9986737401
4089;0;753;0;0.9986737401
4090;0;753;0;0.9986737401
4091;0;753;0;0.9986737401
4092;0;753;0;0.9986737401
4093;0;753;0;0.9986737401
4094;0;753;0;0.9986737401
4095;0;753;0;0.9986737401
4096;0;753;0;0.9986737401
4097;0;753;0;0.9986737401
4098;0;753;0;0.9986737401
4099;0;753;0;0.9986737401
4100;0;753;0;0.9986737401
4101;0;753;0;0.9986737401
4102;0;753;0;0.9986737401
4103;0;753;0;0.9986737401
4104;0;753;0;0.9986737401
4105;0;753;0;0.9986737401
4106;0;753;0;0.9986737401
4107;0;753;0;0.9986737401
4108;0;753;0;0.9986737401
4109;0;753;0;0.9986737401
4110;0;753;0;0.9986737401
4111;0;753;0;0.9986737401
4112;0;753;0;0.9986737401
4113;0;753;0;0.9986737401
4114;0;753;0;0.9986737401
4115;0;753;0;0.9986737401
4116;0;753;0;0.9986737401
4117;0;753;0;0.9986737401
4118;0;753;0;0.9986737401
4119;0;753;0;0.9986737401
4120;0;753;0;0.9986737401
4121;0;753;0;0.9986737401
4122;0;753;0;0.9986737401
4123;0;753;0;0.9986737401
4124;0;753;0;0.9986737401
4125;0;753;0;0.9986737401
4126;0;753;0;0.9986737401
4127;0;753;0;0.9986737401
4128;0;753;0;0.9986737401
4129;0;753;0;0.9986737401
4130;0;753;0;0.9986737401
4131;0;753;0;0.9986737401
4132;0;753;0;0.9986737401
4133;0;753;0;0.9986737401
4134;0;753;0;0.9986737401
4135;0;753;0;0.9986737401
4136;0;753;0;0.9986737401
4137;0;753;0;0.9986737401
4138;0;753;0;0.9986737401
4139;0;753;0;0.9986737401
4140;0;753;0;0.9986737401
4141;0;753;0;0.9986737401
4142;0;753;0;0.9986737401
4143;0;753;0;0.9986737401
4144;0;753;0;0.9986737401
4145;0;753;0;0.9986737401
4146;0;753;0;0.9986737401
4147;0;753;0;0.9986737401
4148;0;753;0;0.9986737401
4149;0;753;0;0.9986737401
4150;0;753;0;0.9986737401
4151;0;753;0;0.9986737401
4152;0;753;0;0.9986737401
4153;0;753;0;0.9986737401
4154;0;753;0;0.9986737401
4155;0;753;0;0.9986737401
4156;0;753;0;0.9986737401
4157;0;753;0;0.9986737401
4158;0;753;0;0.9986737401
4159;0;753;0;0.9986737401
4160;0;753;0;0.9986737401
4161;0;753;0;0.9986737401
4162;0;753;0;0.9986737401
4163;0;753;0;0.9986737401
4164;0;753;0;0.9986737401
4165;0;753;0;0.9986737401
4166;0;753;0;0.9986737401
4167;0;753;0;0.9986737401
4168;0;753;0;0.9986737401
4169;0;753;0;0.9986737401
4170;0;753;0;0.9986737401
4171;0;753;0;0.9986737401
4172;0;753;0;0.9986737401
4173;0;753;0;0.9986737401
4174;0;753;0;0.9986737401
4175;0;753;0;0.9986737401
4176;0;753;0;0.9986737401
4177;0;753;0;0.9986737401
4178;0;753;0;0.9986737401
4179;0;753;0;0.9986737401
4180;0;753;0;0.9986737401
4181;0;753;0;0.9986737401
4182;0;753;0;0.9986737401
4183;0;753;0;0.9986737401
4184;0;753;0;0.9986737401
4185;0;753;0;0.9986737401
4186;0;753;0;0.9986737401
4187;0;753;0;0.9986737401
4188;0;753;0;0.9986737401
4189;0;753;0;0.9986737401
4190;0;753;0;0.9986737401
4191;0;753;0;0.9986737401
4192;0;753;0;0.9986737401
4193;0;753;0;0.9986737401
4194;0;753;0;0.9986737401
4195;0;753;0;0.9986737401
4196;0;753;0;0.9986737401
4197;0;753;0;0.9986737401
4198;0;753;0;0.9986737401
4199;0;753;0;0.9986737401
4200;0;753;0;0.9986737401
4201;0;753;0;0.9986737401
4202;0;753;0;0.9986737401
4203;0;753;0;0.9986737401
4204;0;753;0;0.9986737401
4205;0;753;0;0.9986737401
4206;0;753;0;0.9986737401
4207;0;753;0;0.9986737401
4208;0;753;0;0.9986737401
4209;0;753;0;0.9986737401
4210;0;753;0;0.9986737401
4211;0;753;0;0.9986737401
4212;0;753;0;0.9986737401
4213;0;753;0;0.9986737401
4214;0;753;0;0.9986737401
4215;0;753;0;0.9986737401
4216;0;753;0;0.9986737401
4217;0;753;0;0.9986737401
4218;0;753;0;0.9986737401
4219;0;753;0;0.9986737401
4220;0;753;0;0.9986737401
4221;0;753;0;0.9986737401
4222;0;753;0;0.9986737401
4223;0;753;0;0.9986737401
4224;0;753;0;0.9986737401
4225;0;753;0;0.9986737401
4226;0;753;0;0.9986737401
4227;0;753;0;0.9986737401
4228;0;753;0;0.9986737401
4229;0;753;0;0.9986737401
4230;0;753;0;0.9986737401
4231;0;753;0;0.9986737401
4232;0;753;0;0.9986737401
4233;0;753;0;0.9986737401
4234;0;753;0;0.9986737401
4235;0;753;0;0.9986737401
4236;0;753;0;0.9986737401
4237;0;753;0;0.9986737401
4238;0;753;0;0.9986737401
4239;0;753;0;0.9986737401
4240;0;753;0;0.9986737401
4241;0;753;0;0.9986737401
4242;0;753;0;0.9986737401
4243;0;753;0;0.9986737401
4244;0;753;0;0.9986737401
4245;0;753;0;0.9986737401
4246;0;753;0;0.9986737401
4247;0;753;0;0.9986737401
4248;0;753;0;0.9986737401
4249;0;753;0;0.9986737401
4250;0;753;0;0.9986737401
4251;0;753;0;0.9986737401
4252;0;753;0;0.9986737401
4253;0;753;0;0.9986737401
4254;0;753;0;0.9986737401
4255;0;753;0;0.9986737401
4256;0;753;0;0.9986737401
4257;0;753;0;0.9986737401
4258;0;753;0;0.9986737401
4259;0;753;0;0.9986737401
4260;0;753;0;0.9986737401
4261;0;753;0;0.9986737401
4262;0;753;0;0.9986737401
4263;0;753;0;0.9986737401
4264;0;753;0;0.9986737401
4265;0;753;0;0.9986737401
4266;0;753;0;0.9986737401
4267;0;753;0;0.9986737401
4268;0;753;0;0.9986737401
4269;0;753;0;0.9986737401
4270;0;753;0;0.9986737401
4271;0;753;0;0.9986737401
4272;0;753;0;0.9986737401
4273;0;753;0;0.9986737401
4274;0;753;0;0.9986737401
4275;0;753;0;0.9986737401
4276;0;753;0;0.9986737401
4277;0;753;0;0.9986737401
4278;0;753;0;0.9986737401
4279;0;753;0;0.9986737401
4280;0;753;0;0.9986737401
4281;0;753;0;0.9986737401
4282;0;753;0;0.9986737401
4283;0;753;0;0.9986737401
4284;0;753;0;0.9986737401
4285;0;753;0;0.9986737401
4286;0;753;0;0.9986737401
4287;0;753;0;0.9986737401
4288;0;753;0;0.9986737401
4289;0;753;0;0.9986737401
4290;0;753;0;0.9986737401
4291;0;753;0;0.9986737401
4292;0;753;0;0.9986737401
4293;0;753;0;0.9986737401
4294;0;753;0;0.9986737401
4295;0;753;0;0.9986737401
4296;0;753;0;0.9986737401
4297;0;753;0;0.9986737401
4298;0;753;0;0.9986737401
4299;0;753;0;0.9986737401
4300;0;753;0;0.9986737401
4301;0;753;0;0.9986737401
4302;0;753;0;0.9986737401
4303;0;753;0;0.9986737401
4304;0;753;0;0.9986737401
4305;0;753;0;0.9986737401
4306;0;753;0;0.9986737401
4307;0;753;0;0.9986737401
4308;0;753;0;0.9986737401
4309;0;753;0;0.9986737401
4310;0;753;0;0.9986737401
4311;0;753;0;0.9986737401
4312;0;753;0;0.9986737401
4313;0;753;0;0.9986737401
4314;0;753;0;0.9986737401
4315;0;753;0;0.9986737401
4316;0;753;0;0.9986737401
4317;0;753;0;0.9986737401
4318;0;753;0;0.9986737401
4319;0;753;0;0.9986737401
4320;0;753;0;0.9986737401
4321;0;753;0;0.9986737401
4322;0;753;0;0.9986737401
4323;0;753;0;0.9986737401
4324;0;753;0;0.9986737401
4325;0;753;0;0.9986737401
4326;0;753;0;0.9986737401
4327;0;753;0;0.9986737401
4328;0;753;0;0.9986737401
4329;0;753;0;0.9986737401
4330;0;753;0;0.9986737401
4331;0;753;0;0.9986737401
4332;0;753;0;0.9986737401
4333;0;753;0;0.9986737401
4334;0;753;0;0.9986737401
4335;0;753;0;0.9986737401
4336;0;753;0;0.9986737401
4337;0;753;0;0.9986737401
4338;0;753;0;0.9986737401
4339;0;753;0;0.9986737401
4340;0;753;0;0.9986737401
4341;0;753;0;0.9986737401
4342;0;753;0;0.9986737401
4343;0;753;0;0.9986737401
4344;0;753;0;0.9986737401
4345;0;753;0;0.9986737401
4346;0;753;0;0.9986737401
4347;0;753;0;0.9986737401
4348;0;753;0;0.9986737401
4349;0;753;0;0.9986737401
4350;0;753;0;0.9986737401
4351;0;753;0;0.9986737401
4352;0;753;0;0.9986737401
4353;0;753;0;0.9986737401
4354;0;753;0;0.9986737401
4355;0;753;0;0.9986737401
4356;0;753;0;0.9986737401
4357;0;753;0;0.9986737401
4358;0;753;0;0.9986737401
4359;0;753;0;0.9986737401
4360;0;753;0;0.9986737401
4361;0;753;0;0.9986737401
4362;0;753;0;0.9986737401
4363;0;753;0;0.9986737401
4364;0;753;0;0.9986737401
4365;0;753;0;0.9986737401
4366;0;753;0;0.9986737401
4367;0;753;0;0.9986737401
4368;0;753;0;0.9986737401
4369;0;753;0;0.9986737401
4370;0;753;0;0.9986737401
4371;0;753;0;0.9986737401
4372;0;753;0;0.9986737401
4373;0;753;0;0.9986737401
4374;0;753;0;0.9986737401
4375;0;753;0;0.9986737401
4376;0;753;0;0.9986737401
4377;0;753;0;0.9986737401
4378;0;753;0;0.9986737401
4379;0;753;0;0.9986737401
4380;0;753;0;0.9986737401
4381;0;753;0;0.9986737401
4382;0;753;0;0.9986737401
4383;0;753;0;0.9986737401
4384;0;753;0;0.9986737401
4385;0;753;0;0.9986737401
4386;0;753;0;0.9986737401
4387;0;753;0;0.9986737401
4388;0;753;0;0.9986737401
4389;0;753;0;0.9986737401
4390;0;753;0;0.9986737401
4391;0;753;0;0.9986737401
4392;0;753;0;0.9986737401
4393;0;753;0;0.9986737401
4394;0;753;0;0.9986737401
4395;0;753;0;0.9986737401
4396;0;753;0;0.9986737401
4397;0;753;0;0.9986737401
4398;0;753;0;0.9986737401
4399;0;753;0;0.9986737401
4400;0;753;0;0.9986737401
4401;0;753;0;0.9986737401
4402;0;753;0;0.9986737401
4403;0;753;0;0.9986737401
4404;0;753;0;0.9986737401
4405;0;753;0;0.9986737401
4406;0;753;0;0.9986737401
4407;0;753;0;0.9986737401
4408;0;753;0;0.9986737401
4409;0;753;0;0.9986737401
4410;0;753;0;0.9986737401
4411;0;753;0;0.9986737401
4412;0;753;0;0.9986737401
4413;0;753;0;0.9986737401
4414;0;753;0;0.9986737401
4415;0;753;0;0.9986737401
4416;0;753;0;0.9986737401
4417;0;753;0;0.9986737401
4418;0;753;0;0.9986737401
4419;0;753;0;0.9986737401
4420;0;753;0;0.9986737401
4421;0;753;0;0.9986737401
4422;0;753;0;0.9986737401
4423;0;753;0;0.9986737401
4424;0;753;0;0.9986737401
4425;0;753;0;0.9986737401
4426;0;753;0;0.9986737401
4427;0;753;0;0.9986737401
4428;0;753;0;0.9986737401
4429;0;753;0;0.9986737401
4430;0;753;0;0.9986737401
4431;0;753;0;0.9986737401
4432;0;753;0;0.9986737401
4433;0;753;0;0.9986737401
4434;0;753;0;0.9986737401
4435;0;753;0;0.9986737401
4436;0;753;0;0.9986737401
4437;0;753;0;0.9986737401
4438;0;753;0;0.9986737401
4439;0;753;0;0.9986737401
4440;0;753;0;0.9986737401
4441;0;753;0;0.9986737401
4442;0;753;0;0.9986737401
4443;0;753;0;0.9986737401
4444;0;753;0;0.9986737401
4445;0;753;0;0.9986737401
4446;0;753;0;0.9986737401
4447;0;753;0;0.9986737401
4448;0;753;0;0.9986737401
4449;0;753;0;0.9986737401
4450;0;753;0;0.9986737401
4451;0;753;0;0.9986737401
4452;0;753;0;0.9986737401
4453;0;753;0;0.9986737401
4454;0;753;0;0.9986737401
4455;0;753;0;0.9986737401
4456;0;753;0;0.9986737401
4457;0;753;0;0.9986737401
4458;0;753;0;0.9986737401
4459;0;753;0;0.9986737401
4460;0;753;0;0.9986737401
4461;0;753;0;0.9986737401
4462;0;753;0;0.9986737401
4463;0;753;0;0.9986737401
4464;0;753;0;0.9986737401
4465;0;753;0;0.9986737401
4466;0;753;0;0.9986737401
4467;0;753;0;0.9986737401
4468;0;753;0;0.9986737401
4469;0;753;0;0.9986737401
4470;0;753;0;0.9986737401
4471;0;753;0;0.9986737401
4472;0;753;0;0.9986737401
4473;0;753;0;0.9986737401
4474;0;753;0;0.9986737401
4475;0;753;0;0.9986737401
4476;0;753;0;0.9986737401
4477;0;753;0;0.9986737401
4478;0;753;0;0.9986737401
4479;0;753;0;0.9986737401
4480;0;753;0;0.9986737401
4481;0;753;0;0.9986737401
4482;0;753;0;0.9986737401
4483;0;753;0;0.9986737401
4484;0;753;0;0.9986737401
4485;0;753;0;0.9986737401
4486;0;753;0;0.9986737401
4487;0;753;0;0.9986737401
4488;0;753;0;0.9986737401
4489;0;753;0;0.9986737401
4490;0;753;0;0.9986737401
4491;0;753;0;0.9986737401
4492;0;753;0;0.9986737401
4493;0;753;0;0.9986737401
4494;0;753;0;0.9986737401
4495;0;753;0;0.9986737401
4496;0;753;0;0.9986737401
4497;0;753;0;0.9986737401
4498;0;753;0;0.9986737401
4499;0;753;0;0.9986737401
4500;0;753;0;0.9986737401
4501;0;753;0;0.9986737401
4502;0;753;0;0.9986737401
4503;0;753;0;0.9986737401
4504;0;753;0;0.9986737401
4505;0;753;0;0.9986737401
4506;0;753;0;0.9986737401
4507;0;753;0;0.9986737401
4508;0;753;0;0.9986737401
4509;0;753;0;0.9986737401
4510;0;753;0;0.9986737401
4511;0;753;0;0.9986737401
4512;0;753;0;0.9986737401
4513;0;753;0;0.9986737401
4514;0;753;0;0.9986737401
4515;0;753;0;0.9986737401
4516;0;753;0;0.9986737401
4517;0;753;0;0.9986737401
4518;0;753;0;0.9986737401
4519;0;753;0;0.9986737401
4520;0;753;0;0.9986737401
4521;0;753;0;0.9986737401
4522;0;753;0;0.9986737401
4523;0;753;0;0.9986737401
4524;0;753;0;0.9986737401
4525;0;753;0;0.9986737401
4526;0;753;0;0.9986737401
4527;0;753;0;0.9986737401
4528;0;753;0;0.9986737401
4529;0;753;0;0.9986737401
4530;0;753;0;0.9986737401
4531;0;753;0;0.9986737401
4532;0;753;0;0.9986737401
4533;0;753;0;0.9986737401
4534;0;753;0;0.9986737401
4535;0;753;0;0.9986737401
4536;0;753;0;0.9986737401
4537;0;753;0;0.9986737401
4538;0;753;0;0.9986737401
4539;0;753;0;0.9986737401
4540;0;753;0;0.9986737401
4541;0;753;0;0.9986737401
4542;0;753;0;0.9986737401
4543;0;753;0;0.9986737401
4544;0;753;0;0.9986737401
4545;0;753;0;0.9986737401
4546;0;753;0;0.9986737401
4547;0;753;0;0.9986737401
4548;0;753;0;0.9986737401
4549;0;753;0;0.9986737401
4550;0;753;0;0.9986737401
4551;0;753;0;0.9986737401
4552;0;753;0;0.9986737401
4553;0;753;0;0.9986737401
4554;0;753;0;0.9986737401
4555;0;753;0;0.9986737401
4556;0;753;0;0.9986737401
4557;0;753;0;0.9986737401
4558;0;753;0;0.9986737401
4559;0;753;0;0.9986737401
4560;0;753;0;0.9986737401
4561;0;753;0;0.9986737401
4562;0;753;0;0.9986737401
4563;0;753;0;0.9986737401
4564;0;753;0;0.9986737401
4565;0;753;0;0.9986737401
4566;0;753;0;0.9986737401
4567;0;753;0;0.9986737401
4568;0;753;0;0.9986737401
4569;0;753;0;0.9986737401
4570;0;753;0;0.9986737401
4571;0;753;0;0.9986737401
4572;0;753;0;0.9986737401
4573;0;753;0;0.9986737401
4574;0;753;0;0.9986737401
4575;0;753;0;0.9986737401
4576;0;753;0;0.9986737401
4577;0;753;0;0.9986737401
4578;0;753;0;0.9986737401
4579;0;753;0;0.9986737401
4580;0;753;0;0.9986737401
4581;0;753;0;0.9986737401
4582;0;753;0;0.9986737401
4583;0;753;0;0.9986737401
4584;0;753;0;0.9986737401
4585;0;753;0;0.9986737401
4586;0;753;0;0.9986737401
4587;0;753;0;0.9986737401
4588;0;753;0;0.9986737401
4589;0;753;0;0.9986737401
4590;0;753;0;0.9986737401
4591;0;753;0;0.9986737401
4592;0;753;0;0.9986737401
4593;0;753;0;0.9986737401
4594;0;753;0;0.9986737401
4595;0;753;0;0.9986737401
4596;0;753;0;0.9986737401
4597;0;753;0;0.9986737401
4598;0;753;0;0.9986737401
4599;0;753;0;0.9986737401
4600;0;753;0;0.9986737401
4601;0;753;0;0.9986737401
4602;0;753;0;0.9986737401
4603;0;753;0;0.9986737401
4604;0;753;0;0.9986737401
4605;0;753;0;0.9986737401
4606;0;753;0;0.9986737401
4607;0;753;0;0.9986737401
4608;0;753;0;0.9986737401
4609;0;753;0;0.9986737401
4610;0;753;0;0.9986737401
4611;0;753;0;0.9986737401
4612;0;753;0;0.9986737401
4613;0;753;0;0.9986737401
4614;0;753;0;0.9986737401
4615;0;753;0;0.9986737401
4616;0;753;0;0.9986737401
4617;0;753;0;0.9986737401
4618;0;753;0;0.9986737401
4619;0;753;0;0.9986737401
4620;0;753;0;0.9986737401
4621;0;753;0;0.9986737401
4622;0;753;0;0.9986737401
4623;0;753;0;0.9986737401
4624;0;753;0;0.9986737401
4625;0;753;0;0.9986737401
4626;0;753;0;0.9986737401
4627;0;753;0;0.9986737401
4628;0;753;0;0.9986737401
4629;0;753;0;0.9986737401
4630;0;753;0;0.9986737401
4631;0;753;0;0.9986737401
4632;0;753;0;0.9986737401
4633;0;753;0;0.9986737401
4634;0;753;0;0.9986737401
4635;0;753;0;0.9986737401
4636;0;753;0;0.9986737401
4637;0;753;0;0.9986737401
4638;0;753;0;0.9986737401
4639;0;753;0;0.9986737401
4640;0;753;0;0.9986737401
4641;0;753;0;0.9986737401
4642;0;753;0;0.9986737401
4643;0;753;0;0.9986737401
4644;0;753;0;0.9986737401
4645;0;753;0;0.9986737401
4646;0;753;0;0.9986737401
4647;0;753;0;0.9986737401
4648;0;753;0;0.9986737401
4649;0;753;0;0.9986737401
4650;0;753;0;0.9986737401
4651;0;753;0;0.9986737401
4652;0;753;0;0.9986737401
4653;0;753;0;0.9986737401
4654;0;753;0;0.9986737401
4655;0;753;0;0.9986737401
4656;0;753;0;0.9986737401
4657;0;753;0;0.9986737401
4658;0;753;0;0.9986737401
4659;0;753;0;0.9986737401
4660;0;753;0;0.9986737401
4661;0;753;0;0.9986737401
4662;0;753;0;0.9986737401
4663;0;753;0;0.9986737401
4664;0;753;0;0.9986737401
4665;0;753;0;0.9986737401
4666;0;753;0;0.9986737401
4667;0;753;0;0.9986737401
4668;0;753;0;0.9986737401
4669;0;753;0;0.9986737401
4670;0;753;0;0.9986737401
4671;0;753;0;0.9986737401
4672;0;753;0;0.9986737401
4673;0;753;0;0.9986737401
4674;0;753;0;0.9986737401
4675;0;753;0;0.9986737401
4676;0;753;0;0.9986737401
4677;0;753;0;0.9986737401
4678;0;753;0;0.9986737401
4679;0;753;0;0.9986737401
4680;0;753;0;0.9986737401
4681;0;753;0;0.9986737401
4682;0;753;0;0.9986737401
4683;0;753;0;0.9986737401
4684;0;753;0;0.9986737401
4685;0;753;0;0.9986737401
4686;0;753;0;0.9986737401
4687;0;753;0;0.9986737401
4688;0;753;0;0.9986737401
4689;0;753;0;0.9986737401
4690;0;753;0;0.9986737401
4691;0;753;0;0.9986737401
4692;0;753;0;0.9986737401
4693;0;753;0;0.9986737401
4694;0;753;0;0.9986737401
4695;0;753;0;0.9986737401
4696;0;753;0;0.9986737401
4697;0;753;0;0.9986737401
4698;0;753;0;0.9986737401
4699;0;753;0;0.9986737401
4700;0;753;0;0.9986737401
4701;0;753;0;0.9986737401
4702;0;753;0;0.9986737401
4703;0;753;0;0.9986737401
4704;0;753;0;0.9986737401
4705;0;753;0;0.9986737401
4706;0;753;0;0.9986737401
4707;0;753;0;0.9986737401
4708;0;753;0;0.9986737401
4709;0;753;0;0.9986737401
4710;0;753;0;0.9986737401
4711;0;753;0;0.9986737401
4712;0;753;0;0.9986737401
4713;0;753;0;0.9986737401
4714;0;753;0;0.9986737401
4715;0;753;0;0.9986737401
4716;0;753;0;0.9986737401
4717;0;753;0;0.9986737401
4718;0;753;0;0.9986737401
4719;0;753;0;0.9986737401
4720;0;753;0;0.9986737401
4721;0;753;0;0.9986737401
4722;0;753;0;0.9986737401
4723;0;753;0;0.9986737401
4724;0;753;0;0.9986737401
4725;0;753;0;0.9986737401
4726;0;753;0;0.9986737401
4727;0;753;0;0.9986737401
4728;0;753;0;0.9986737401
4729;0;753;0;0.9986737401
4730;0;753;0;0.9986737401
4731;0;753;0;0.9986737401
4732;0;753;0;0.9986737401
4733;0;753;0;0.9986737401
4734;0;753;0;0.9986737401
4735;0;753;0;0.9986737401
4736;0;753;0;0.9986737401
4737;0;753;0;0.9986737401
4738;0;753;0;0.9986737401
4739;0;753;0;0.9986737401
4740;0;753;0;0.9986737401
4741;0;753;0;0.9986737401
4742;0;753;0;0.9986737401
4743;0;753;0;0.9986737401
4744;0;753;0;0.9986737401
4745;0;753;0;0.9986737401
4746;0;753;0;0.9986737401
4747;0;753;0;0.9986737401
4748;0;753;0;0.9986737401
4749;0;753;0;0.9986737401
4750;0;753;0;0.9986737401
4751;0;753;0;0.9986737401
4752;0;753;0;0.9986737401
4753;0;753;0;0.9986737401
4754;0;753;0;0.9986737401
4755;0;753;0;0.9986737401
4756;0;753;0;0.9986737401
4757;0;753;0;0.9986737401
4758;0;753;0;0.9986737401
4759;0;753;0;0.9986737401
4760;0;753;0;0.9986737401
4761;0;753;0;0.9986737401
4762;0;753;0;0.9986737401
4763;0;753;0;0.9986737401
4764;0;753;0;0.9986737401
4765;0;753;0;0.9986737401
4766;0;753;0;0.9986737401
4767;0;753;0;0.9986737401
4768;0;753;0;0.9986737401
4769;0;753;0;0.9986737401
4770;0;753;0;0.9986737401
4771;0;753;0;0.9986737401
4772;0;753;0;0.9986737401
4773;0;753;0;0.9986737401
4774;0;753;0;0.9986737401
4775;0;753;0;0.9986737401
4776;0;753;0;0.9986737401
4777;0;753;0;0.9986737401
4778;0;753;0;0.9986737401
4779;0;753;0;0.9986737401
4780;0;753;0;0.9986737401
4781;0;753;0;0.9986737401
4782;0;753;0;0.9986737401
4783;0;753;0;0.9986737401
4784;0;753;0;0.9986737401
4785;0;753;0;0.9986737401
4786;0;753;0;0.9986737401
4787;0;753;0;0.9986737401
4788;0;753;0;0.9986737401
4789;0;753;0;0.9986737401
4790;0;753;0;0.9986737401
4791;0;753;0;0.9986737401
4792;0;753;0;0.9986737401
4793;0;753;0;0.9986737401
4794;0;753;0;0.9986737401
4795;0;753;0;0.9986737401
4796;0;753;0;0.9986737401
4797;0;753;0;0.9986737401
4798;0;753;0;0.9986737401
4799;0;753;0;0.9986737401
4800;0;753;0;0.9986737401
4801;0;753;0;0.9986737401
4802;0;753;0;0.9986737401
4803;0;753;0;0.9986737401
4804;0;753;0;0.9986737401
4805;0;753;0;0.9986737401
4806;0;753;0;0.9986737401
4807;0;753;0;0.9986737401
4808;0;753;0;0.9986737401
4809;0;753;0;0.9986737401
4810;0;753;0;0.9986737401
4811;0;753;0;0.9986737401
4812;0;753;0;0.9986737401
4813;0;753;0;0.9986737401
4814;0;753;0;0.9986737401
4815;0;753;0;0.9986737401
4816;0;753;0;0.9986737401
4817;0;753;0;0.9986737401
4818;0;753;0;0.9986737401
4819;0;753;0;0.9986737401
4820;0;753;0;0.9986737401
4821;0;753;0;0.9986737401
4822;0;753;0;0.9986737401
4823;0;753;0;0.9986737401
4824;0;753;0;0.9986737401
4825;0;753;0;0.9986737401
4826;0;753;0;0.9986737401
4827;0;753;0;0.9986737401
4828;0;753;0;0.9986737401
4829;0;753;0;0.9986737401
4830;0;753;0;0.9986737401
4831;0;753;0;0.9986737401
4832;0;753;0;0.9986737401
4833;0;753;0;0.9986737401
4834;0;753;0;0.9986737401
4835;0;753;0;0.9986737401
4836;0;753;0;0.9986737401
4837;0;753;0;0.9986737401
4838;0;753;0;0.9986737401
4839;0;753;0;0.9986737401
4840;0;753;0;0.9986737401
4841;0;753;0;0.9986737401
4842;0;753;0;0.9986737401
4843;0;753;0;0.9986737401
4844;0;753;0;0.9986737401
4845;0;753;0;0.9986737401
4846;0;753;0;0.9986737401
4847;0;753;0;0.9986737401
4848;0;753;0;0.9986737401
4849;0;753;0;0.9986737401
4850;0;753;0;0.9986737401
4851;0;753;0;0.9986737401
4852;0;753;0;0.9986737401
4853;0;753;0;0.9986737401
4854;0;753;0;0.9986737401
4855;0;753;0;0.9986737401
4856;0;753;0;0.9986737401
4857;0;753;0;0.9986737401
4858;0;753;0;0.9986737401
4859;0;753;0;0.9986737401
4860;0;753;0;0.9986737401
4861;0;753;0;0.9986737401
4862;0;753;0;0.9986737401
4863;0;753;0;0.9986737401
4864;0;753;0;0.9986737401
4865;0;753;0;0.9986737401
4866;0;753;0;0.9986737401
4867;0;753;0;0.9986737401
4868;0;753;0;0.9986737401
4869;0;753;0;0.9986737401
4870;0;753;0;0.9986737401
4871;0;753;0;0.9986737401
4872;0;753;0;0.9986737401
4873;0;753;0;0.9986737401
4874;0;753;0;0.9986737401
4875;0;753;0;0.9986737401
4876;0;753;0;0.9986737401
4877;0;753;0;0.9986737401
4878;0;753;0;0.9986737401
4879;0;753;0;0.9986737401
4880;0;753;0;0.9986737401
4881;0;753;0;0.9986737401
4882;0;753;0;0.9986737401
4883;0;753;0;0.9986737401
4884;0;753;0;0.9986737401
4885;0;753;0;0.9986737401
4886;0;753;0;0.9986737401
4887;0;753;0;0.9986737401
4888;0;753;0;0.9986737401
4889;0;753;0;0.9986737401
4890;0;753;0;0.9986737401
4891;0;753;0;0.9986737401
4892;0;753;0;0.9986737401
4893;0;753;0;0.9986737401
4894;0;753;0;0.9986737401
4895;0;753;0;0.9986737401
4896;0;753;0;0.9986737401
4897;0;753;0;0.9986737401
4898;0;753;0;0.9986737401
4899;0;753;0;0.9986737401
4900;0;753;0;0.9986737401
4901;0;753;0;0.9986737401
4902;0;753;0;0.9986737401
4903;0;753;0;0.9986737401
4904;0;753;0;0.9986737401
4905;0;753;0;0.9986737401
4906;0;753;0;0.9986737401
4907;0;753;0;0.9986737401
4908;0;753;0;0.9986737401
4909;0;753;0;0.9986737401
4910;0;753;0;0.9986737401
4911;0;753;0;0.9986737401
4912;0;753;0;0.9986737401
4913;0;753;0;0.9986737401
4914;0;753;0;0.9986737401
4915;0;753;0;0.9986737401
4916;0;753;0;0.9986737401
4917;0;753;0;0.9986737401
4918;0;753;0;0.9986737401
4919;0;753;0;0.9986737401
4920;0;753;0;0.9986737401
4921;0;753;0;0.9986737401
4922;0;753;0;0.9986737401
4923;0;753;0;0.9986737401
4924;0;753;0;0.9986737401
4925;0;753;0;0.9986737401
4926;0;753;0;0.9986737401
4927;0;753;0;0.9986737401
4928;0;753;0;0.9986737401
4929;0;753;0;0.9986737401
4930;0;753;0;0.9986737401
4931;0;753;0;0.9986737401
4932;0;753;0;0.9986737401
4933;0;753;0;0.9986737401
4934;0;753;0;0.9986737401
4935;0;753;0;0.9986737401
4936;0;753;0;0.9986737401
4937;0;753;0;0.9986737401
4938;0;753;0;0.9986737401
4939;0;753;0;0.9986737401
4940;0;753;0;0.9986737401
4941;0;753;0;0.9986737401
4942;0;753;0;0.9986737401
4943;0;753;0;0.9986737401
4944;0;753;0;0.9986737401
4945;0;753;0;0.9986737401
4946;0;753;0;0.9986737401
4947;0;753;0;0.9986737401
4948;0;753;0;0.9986737401
4949;0;753;0;0.9986737401
4950;0;753;0;0.9986737401
4951;0;753;0;0.9986737401
4952;0;753;0;0.9986737401
4953;0;753;0;0.9986737401
4954;0;753;0;0.9986737401
4955;0;753;0;0.9986737401
4956;0;753;0;0.9986737401
4957;0;753;0;0.9986737401
4958;0;753;0;0.9986737401
4959;0;753;0;0.9986737401
4960;0;753;0;0.9986737401
4961;0;753;0;0.9986737401
4962;0;753;0;0.9986737401
4963;0;753;0;0.9986737401
4964;0;753;0;0.9986737401
4965;0;753;0;0.9986737401
4966;0;753;0;0.9986737401
4967;0;753;0;0.9986737401
4968;0;753;0;0.9986737401
4969;0;753;0;0.9986737401
4970;0;753;0;0.9986737401
4971;0;753;0;0.9986737401
4972;0;753;0;0.9986737401
4973;0;753;0;0.9986737401
4974;0;753;0;0.9986737401
4975;0;753;0;0.9986737401
4976;0;753;0;0.9986737401
4977;0;753;0;0.9986737401
4978;0;753;0;0.9986737401
4979;0;753;0;0.9986737401
4980;0;753;0;0.9986737401
4981;0;753;0;0.9986737401
4982;0;753;0;0.9986737401
4983;0;753;0;0.9986737401
4984;0;753;0;0.9986737401
4985;0;753;0;0.9986737401
4986;0;753;0;0.9986737401
4987;0;753;0;0.9986737401
4988;0;753;0;0.9986737401
4989;0;753;0;0.9986737401
4990;0;753;0;0.9986737401
4991;0;753;0;0.9986737401
4992;0;753;0;0.9986737401
4993;0;753;0;0.9986737401
4994;0;753;0;0.9986737401
4995;0;753;0;0.9986737401
4996;0;753;0;0.9986737401
4997;0;753;0;0.9986737401
4998;0;753;0;0.9986737401
4999;0;753;0;0.9986737401
5000;0;753;0;0.9986737401
5001;0;753;0;0.9986737401
5002;0;753;0;0.9986737401
5003;0;753;0;0.9986737401
5004;0;753;0;0.9986737401
5005;0;753;0;0.9986737401
5006;0;753;0;0.9986737401
5007;0;753;0;0.9986737401
5008;0;753;0;0.9986737401
5009;0;753;0;0.9986737401
5010;0;753;0;0.9986737401
5011;0;753;0;0.9986737401
5012;0;753;0;0.9986737401
5013;0;753;0;0.9986737401
5014;0;753;0;0.9986737401
5015;0;753;0;0.9986737401
5016;0;753;0;0.9986737401
5017;0;753;0;0.9986737401
5018;0;753;0;0.9986737401
5019;0;753;0;0.9986737401
5020;0;753;0;0.9986737401
5021;0;753;0;0.9986737401
5022;0;753;0;0.9986737401
5023;0;753;0;0.9986737401
5024;0;753;0;0.9986737401
5025;0;753;0;0.9986737401
5026;0;753;0;0.9986737401
5027;0;753;0;0.9986737401
5028;0;753;0;0.9986737401
5029;0;753;0;0.9986737401
5030;0;753;0;0.9986737401
5031;0;753;0;0.9986737401
5032;0;753;0;0.9986737401
5033;0;753;0;0.9986737401
5034;0;753;0;0.9986737401
5035;0;753;0;0.9986737401
5036;0;753;0;0.9986737401
5037;0;753;0;0.9986737401
5038;0;753;0;0.9986737401
5039;0;753;0;0.9986737401
5040;0;753;0;0.9986737401
5041;0;753;0;0.9986737401
5042;0;753;0;0.9986737401
5043;0;753;0;0.9986737401
5044;0;753;0;0.9986737401
5045;0;753;0;0.9986737401
5046;0;753;0;0.9986737401
5047;0;753;0;0.9986737401
5048;0;753;0;0.9986737401
5049;0;753;0;0.9986737401
5050;0;753;0;0.9986737401
5051;0;753;0;0.9986737401
5052;0;753;0;0.9986737401
5053;0;753;0;0.9986737401
5054;0;753;0;0.9986737401
5055;0;753;0;0.9986737401
5056;0;753;0;0.9986737401
5057;0;753;0;0.9986737401
5058;0;753;0;0.9986737401
5059;0;753;0;0.9986737401
5060;0;753;0;0.9986737401
5061;0;753;0;0.9986737401
5062;0;753;0;0.9986737401
5063;0;753;0;0.9986737401
5064;0;753;0;0.9986737401
5065;0;753;0;0.9986737401
5066;0;753;0;0.9986737401
5067;0;753;0;0.9986737401
5068;0;753;0;0.9986737401
5069;0;753;0;0.9986737401
5070;0;753;0;0.9986737401
5071;0;753;0;0.9986737401
5072;0;753;0;0.9986737401
5073;0;753;0;0.9986737401
5074;0;753;0;0.9986737401
5075;0;753;0;0.9986737401
5076;0;753;0;0.9986737401
5077;0;753;0;0.9986737401
5078;0;753;0;0.9986737401
5079;0;753;0;0.9986737401
5080;0;753;0;0.9986737401
5081;0;753;0;0.9986737401
5082;0;753;0;0.9986737401
5083;0;753;0;0.9986737401
5084;0;753;0;0.9986737401
5085;0;753;0;0.9986737401
5086;0;753;0;0.9986737401
5087;0;753;0;0.9986737401
5088;0;753;0;0.9986737401
5089;0;753;0;0.9986737401
5090;0;753;0;0.9986737401
5091;0;753;0;0.9986737401
5092;0;753;0;0.9986737401
5093;0;753;0;0.9986737401
5094;0;753;0;0.9986737401
5095;0;753;0;0.9986737401
5096;0;753;0;0.9986737401
5097;0;753;0;0.9986737401
5098;0;753;0;0.9986737401
5099;0;753;0;0.9986737401
5100;0;753;0;0.9986737401
5101;0;753;0;0.9986737401
5102;0;753;0;0.9986737401
5103;0;753;0;0.9986737401
5104;0;753;0;0.9986737401
5105;0;753;0;0.9986737401
5106;0;753;0;0.9986737401
5107;0;753;0;0.9986737401
5108;0;753;0;0.9986737401
5109;0;753;0;0.9986737401
5110;0;753;0;0.9986737401
5111;0;753;0;0.9986737401
5112;0;753;0;0.9986737401
5113;0;753;0;0.9986737401
5114;0;753;0;0.9986737401
5115;0;753;0;0.9986737401
5116;0;753;0;0.9986737401
5117;0;753;0;0.9986737401
5118;0;753;0;0.9986737401
5119;0;753;0;0.9986737401
5120;0;753;0;0.9986737401
5121;0;753;0;0.9986737401
5122;0;753;0;0.9986737401
5123;0;753;0;0.9986737401
5124;0;753;0;0.9986737401
5125;0;753;0;0.9986737401
5126;0;753;0;0.9986737401
5127;0;753;0;0.9986737401
5128;0;753;0;0.9986737401
5129;0;753;0;0.9986737401
5130;0;753;0;0.9986737401
5131;0;753;0;0.9986737401
5132;0;753;0;0.9986737401
5133;0;753;0;0.9986737401
5134;0;753;0;0.9986737401
5135;0;753;0;0.9986737401
5136;0;753;0;0.9986737401
5137;0;753;0;0.9986737401
5138;0;753;0;0.9986737401
5139;0;753;0;0.9986737401
5140;0;753;0;0.9986737401
5141;0;753;0;0.9986737401
5142;0;753;0;0.9986737401
5143;0;753;0;0.9986737401
5144;0;753;0;0.9986737401
5145;0;753;0;0.9986737401
5146;0;753;0;0.9986737401
5147;0;753;0;0.9986737401
5148;0;753;0;0.9986737401
5149;0;753;0;0.9986737401
5150;0;753;0;0.9986737401
5151;0;753;0;0.9986737401
5152;0;753;0;0.9986737401
5153;0;753;0;0.9986737401
5154;0;753;0;0.9986737401
5155;0;753;0;0.9986737401
5156;0;753;0;0.9986737401
5157;0;753;0;0.9986737401
5158;0;753;0;0.9986737401
5159;0;753;0;0.9986737401
5160;0;753;0;0.9986737401
5161;0;753;0;0.9986737401
5162;0;753;0;0.9986737401
5163;0;753;0;0.9986737401
5164;0;753;0;0.9986737401
5165;0;753;0;0.9986737401
5166;0;753;0;0.9986737401
5167;0;753;0;0.9986737401
5168;0;753;0;0.9986737401
5169;0;753;0;0.9986737401
5170;0;753;0;0.9986737401
5171;0;753;0;0.9986737401
5172;0;753;0;0.9986737401
5173;0;753;0;0.9986737401
5174;0;753;0;0.9986737401
5175;0;753;0;0.9986737401
5176;0;753;0;0.9986737401
5177;0;753;0;0.9986737401
5178;0;753;0;0.9986737401
5179;0;753;0;0.9986737401
5180;0;753;0;0.9986737401
5181;0;753;0;0.9986737401
5182;0;753;0;0.9986737401
5183;0;753;0;0.9986737401
5184;0;753;0;0.9986737401
5185;0;753;0;0.9986737401
5186;0;753;0;0.9986737401
5187;0;753;0;0.9986737401
5188;0;753;0;0.9986737401
5189;0;753;0;0.9986737401
5190;0;753;0;0.9986737401
5191;0;753;0;0.9986737401
5192;0;753;0;0.9986737401
5193;0;753;0;0.9986737401
5194;0;753;0;0.9986737401
5195;0;753;0;0.9986737401
5196;0;753;0;0.9986737401
5197;0;753;0;0.9986737401
5198;0;753;0;0.9986737401
5199;0;753;0;0.9986737401
5200;0;753;0;0.9986737401
5201;0;753;0;0.9986737401
5202;0;753;0;0.9986737401
5203;0;753;0;0.9986737401
5204;0;753;0;0.9986737401
5205;0;753;0;0.9986737401
5206;0;753;0;0.9986737401
5207;0;753;0;0.9986737401
5208;0;753;0;0.9986737401
5209;0;753;0;0.9986737401
5210;0;753;0;0.9986737401
5211;0;753;0;0.9986737401
5212;0;753;0;0.9986737401
5213;0;753;0;0.9986737401
5214;0;753;0;0.9986737401
5215;0;753;0;0.9986737401
5216;0;753;0;0.9986737401
5217;0;753;0;0.9986737401
5218;0;753;0;0.9986737401
5219;0;753;0;0.9986737401
5220;0;753;0;0.9986737401
5221;0;753;0;0.9986737401
5222;0;753;0;0.9986737401
5223;0;753;0;0.9986737401
5224;0;753;0;0.9986737401
5225;0;753;0;0.9986737401
5226;0;753;0;0.9986737401
5227;0;753;0;0.9986737401
5228;0;753;0;0.9986737401
5229;0;753;0;0.9986737401
5230;0;753;0;0.9986737401
5231;0;753;0;0.9986737401
5232;0;753;0;0.9986737401
5233;0;753;0;0.9986737401
5234;0;753;0;0.9986737401
5235;0;753;0;0.9986737401
5236;0;753;0;0.9986737401
5237;0;753;0;0.9986737401
5238;0;753;0;0.9986737401
5239;0;753;0;0.9986737401
5240;0;753;0;0.9986737401
5241;0;753;0;0.9986737401
5242;0;753;0;0.9986737401
5243;0;753;0;0.9986737401
5244;0;753;0;0.9986737401
5245;0;753;0;0.9986737401
5246;0;753;0;0.9986737401
5247;0;753;0;0.9986737401
5248;0;753;0;0.9986737401
5249;0;753;0;0.9986737401
5250;0;753;0;0.9986737401
5251;0;753;0;0.9986737401
5252;0;753;0;0.9986737401
5253;0;753;0;0.9986737401
5254;0;753;0;0.9986737401
5255;0;753;0;0.9986737401
5256;0;753;0;0.9986737401
5257;0;753;0;0.9986737401
5258;0;753;0;0.9986737401
5259;0;753;0;0.9986737401
5260;0;753;0;0.9986737401
5261;0;753;0;0.9986737401
5262;0;753;0;0.9986737401
5263;0;753;0;0.9986737401
5264;0;753;0;0.9986737401
5265;0;753;0;0.9986737401
5266;0;753;0;0.9986737401
5267;0;753;0;0.9986737401
5268;0;753;0;0.9986737401
5269;0;753;0;0.9986737401
5270;0;753;0;0.9986737401
5271;0;753;0;0.9986737401
5272;0;753;0;0.9986737401
5273;0;753;0;0.9986737401
5274;0;753;0;0.9986737401
5275;0;753;0;0.9986737401
5276;0;753;0;0.9986737401
5277;0;753;0;0.9986737401
5278;0;753;0;0.9986737401
5279;0;753;0;0.9986737401
5280;0;753;0;0.9986737401
5281;0;753;0;0.9986737401
5282;0;753;0;0.9986737401
5283;0;753;0;0.9986737401
5284;0;753;0;0.9986737401
5285;0;753;0;0.9986737401
5286;0;753;0;0.9986737401
5287;0;753;0;0.9986737401
5288;0;753;0;0.9986737401
5289;0;753;0;0.9986737401
5290;0;753;0;0.9986737401
5291;0;753;0;0.9986737401
5292;0;753;0;0.9986737401
5293;0;753;0;0.9986737401
5294;0;753;0;0.9986737401
5295;0;753;0;0.9986737401
5296;0;753;0;0.9986737401
5297;0;753;0;0.9986737401
5298;0;753;0;0.9986737401
5299;0;753;0;0.9986737401
5300;0;753;0;0.9986737401
5301;0;753;0;0.9986737401
5302;0;753;0;0.9986737401
5303;0;753;0;0.9986737401
5304;0;753;0;0.9986737401
5305;0;753;0;0.9986737401
5306;0;753;0;0.9986737401
5307;0;753;0;0.9986737401
5308;0;753;0;0.9986737401
5309;0;753;0;0.9986737401
5310;0;753;0;0.9986737401
5311;0;753;0;0.9986737401
5312;0;753;0;0.9986737401
5313;0;753;0;0.9986737401
5314;0;753;0;0.9986737401
5315;0;753;0;0.9986737401
5316;0;753;0;0.9986737401
5317;0;753;0;0.9986737401
5318;0;753;0;0.9986737401
5319;0;753;0;0.9986737401
5320;0;753;0;0.9986737401
5321;0;753;0;0.9986737401
5322;0;753;0;0.9986737401
5323;0;753;0;0.9986737401
5324;0;753;0;0.9986737401
5325;0;753;0;0.9986737401
5326;0;753;0;0.9986737401
5327;0;753;0;0.9986737401
5328;0;753;0;0.9986737401
5329;0;753;0;0.9986737401
5330;0;753;0;0.9986737401
5331;0;753;0;0.9986737401
5332;0;753;0;0.9986737401
5333;0;753;0;0.9986737401
5334;0;753;0;0.9986737401
5335;0;753;0;0.9986737401
5336;0;753;0;0.9986737401
5337;0;753;0;0.9986737401
5338;0;753;0;0.9986737401
5339;0;753;0;0.9986737401
5340;0;753;0;0.9986737401
5341;0;753;0;0.9986737401
5342;0;753;0;0.9986737401
5343;0;753;0;0.9986737401
5344;0;753;0;0.9986737401
5345;0;753;0;0.9986737401
5346;0;753;0;0.9986737401
5347;0;753;0;0.9986737401
5348;0;753;0;0.9986737401
5349;0;753;0;0.9986737401
5350;0;753;0;0.9986737401
5351;0;753;0;0.9986737401
5352;0;753;0;0.9986737401
5353;0;753;0;0.9986737401
5354;0;753;0;0.9986737401
5355;0;753;0;0.9986737401
5356;0;753;0;0.9986737401
5357;0;753;0;0.9986737401
5358;0;753;0;0.9986737401
5359;0;753;0;0.9986737401
5360;0;753;0;0.9986737401
5361;0;753;0;0.9986737401
5362;0;753;0;0.9986737401
5363;0;753;0;0.9986737401
5364;0;753;0;0.9986737401
5365;0;753;0;0.9986737401
5366;0;753;0;0.9986737401
5367;0;753;0;0.9986737401
5368;0;753;0;0.9986737401
5369;0;753;0;0.9986737401
5370;0;753;0;0.9986737401
5371;0;753;0;0.9986737401
5372;0;753;0;0.9986737401
5373;0;753;0;0.9986737401
5374;0;753;0;0.9986737401
5375;0;753;0;0.9986737401
5376;0;753;0;0.9986737401
5377;0;753;0;0.9986737401
5378;0;753;0;0.9986737401
5379;0;753;0;0.9986737401
5380;0;753;0;0.9986737401
5381;0;753;0;0.9986737401
5382;0;753;0;0.9986737401
5383;0;753;0;0.9986737401
5384;0;753;0;0.9986737401
5385;0;753;0;0.9986737401
5386;0;753;0;0.9986737401
5387;0;753;0;0.9986737401
5388;0;753;0;0.9986737401
5389;0;753;0;0.9986737401
5390;0;753;0;0.9986737401
5391;0;753;0;0.9986737401
5392;0;753;0;0.9986737401
5393;0;753;0;0.9986737401
5394;0;753;0;0.9986737401
5395;0;753;0;0.9986737401
5396;0;753;0;0.9986737401
5397;0;753;0;0.9986737401
5398;0;753;0;0.9986737401
5399;0;753;0;0.9986737401
5400;0;753;0;0.9986737401
5401;0;753;0;0.9986737401
5402;0;753;0;0.9986737401
5403;0;753;0;0.9986737401
5404;0;753;0;0.9986737401
5405;0;753;0;0.9986737401
5406;0;753;0;0.9986737401
5407;0;753;0;0.9986737401
5408;0;753;0;0.9986737401
5409;0;753;0;0.9986737401
5410;0;753;0;0.9986737401
5411;0;753;0;0.9986737401
5412;0;753;0;0.9986737401
5413;0;753;0;0.9986737401
5414;0;753;0;0.9986737401
5415;0;753;0;0.9986737401
5416;0;753;0;0.9986737401
5417;0;753;0;0.9986737401
5418;0;753;0;0.9986737401
5419;0;753;0;0.9986737401
5420;0;753;0;0.9986737401
5421;0;753;0;0.9986737401
5422;0;753;0;0.9986737401
5423;0;753;0;0.9986737401
5424;0;753;0;0.9986737401
5425;0;753;0;0.9986737401
5426;0;753;0;0.9986737401
5427;0;753;0;0.9986737401
5428;0;753;0;0.9986737401
5429;0;753;0;0.9986737401
5430;0;753;0;0.9986737401
5431;0;753;0;0.9986737401
5432;0;753;0;0.9986737401
5433;0;753;0;0.9986737401
5434;0;753;0;0.9986737401
5435;0;753;0;0.9986737401
5436;0;753;0;0.9986737401
5437;0;753;0;0.9986737401
5438;0;753;0;0.9986737401
5439;0;753;0;0.9986737401
5440;0;753;0;0.9986737401
5441;0;753;0;0.9986737401
5442;0;753;0;0.9986737401
5443;0;753;0;0.9986737401
5444;0;753;0;0.9986737401
5445;0;753;0;0.9986737401
5446;0;753;0;0.9986737401
5447;0;753;0;0.9986737401
5448;0;753;0;0.9986737401
5449;0;753;0;0.9986737401
5450;0;753;0;0.9986737401
5451;0;753;0;0.9986737401
5452;0;753;0;0.9986737401
5453;0;753;0;0.9986737401
5454;0;753;0;0.9986737401
5455;0;753;0;0.9986737401
5456;0;753;0;0.9986737401
5457;0;753;0;0.9986737401
5458;0;753;0;0.9986737401
5459;0;753;0;0.9986737401
5460;0;753;0;0.9986737401
5461;0;753;0;0.9986737401
5462;0;753;0;0.9986737401
5463;0;753;0;0.9986737401
5464;0;753;0;0.9986737401
5465;0;753;0;0.9986737401
5466;0;753;0;0.9986737401
5467;0;753;0;0.9986737401
5468;0;753;0;0.9986737401
5469;0;753;0;0.9986737401
5470;0;753;0;0.9986737401
5471;0;753;0;0.9986737401
5472;0;753;0;0.9986737401
5473;0;753;0;0.9986737401
5474;0;753;0;0.9986737401
5475;0;753;0;0.9986737401
5476;0;753;0;0.9986737401
5477;0;753;0;0.9986737401
5478;0;753;0;0.9986737401
5479;0;753;0;0.9986737401
5480;0;753;0;0.9986737401
5481;0;753;0;0.9986737401
5482;0;753;0;0.9986737401
5483;0;753;0;0.9986737401
5484;0;753;0;0.9986737401
5485;0;753;0;0.9986737401
5486;0;753;0;0.9986737401
5487;0;753;0;0.9986737401
5488;0;753;0;0.9986737401
5489;0;753;0;0.9986737401
5490;0;753;0;0.9986737401
5491;0;753;0;0.9986737401
5492;0;753;0;0.9986737401
5493;0;753;0;0.9986737401
5494;0;753;0;0.9986737401
5495;0;753;0;0.9986737401
5496;0;753;0;0.9986737401
5497;0;753;0;0.9986737401
5498;0;753;0;0.9986737401
5499;0;753;0;0.9986737401
5500;0;753;0;0.9986737401
5501;0;753;0;0.9986737401
5502;0;753;0;0.9986737401
5503;0;753;0;0.9986737401
5504;0;753;0;0.9986737401
5505;0;753;0;0.9986737401
5506;0;753;0;0.9986737401
5507;0;753;0;0.9986737401
5508;0;753;0;0.9986737401
5509;0;753;0;0.9986737401
5510;0;753;0;0.9986737401
5511;0;753;0;0.9986737401
5512;0;753;0;0.9986737401
5513;0;753;0;0.9986737401
5514;0;753;0;0.9986737401
5515;0;753;0;0.9986737401
5516;0;753;0;0.9986737401
5517;0;753;0;0.9986737401
5518;0;753;0;0.9986737401
5519;0;753;0;0.9986737401
5520;0;753;0;0.9986737401
5521;0;753;0;0.9986737401
5522;0;753;0;0.9986737401
5523;0;753;0;0.9986737401
5524;0;753;0;0.9986737401
5525;0;753;0;0.9986737401
5526;0;753;0;0.9986737401
5527;0;753;0;0.9986737401
5528;0;753;0;0.9986737401
5529;0;753;0;0.9986737401
5530;0;753;0;0.9986737401
5531;0;753;0;0.9986737401
5532;0;753;0;0.9986737401
5533;0;753;0;0.9986737401
5534;0;753;0;0.9986737401
5535;0;753;0;0.9986737401
5536;0;753;0;0.9986737401
5537;0;753;0;0.9986737401
5538;0;753;0;0.9986737401
5539;0;753;0;0.9986737401
5540;0;753;0;0.9986737401
5541;0;753;0;0.9986737401
5542;0;753;0;0.9986737401
5543;0;753;0;0.9986737401
5544;0;753;0;0.9986737401
5545;0;753;0;0.9986737401
5546;0;753;0;0.9986737401
5547;0;753;0;0.9986737401
5548;0;753;0;0.9986737401
5549;0;753;0;0.9986737401
5550;0;753;0;0.9986737401
5551;0;753;0;0.9986737401
5552;0;753;0;0.9986737401
5553;0;753;0;0.9986737401
5554;0;753;0;0.9986737401
5555;0;753;0;0.9986737401
5556;0;753;0;0.9986737401
5557;0;753;0;0.9986737401
5558;0;753;0;0.9986737401
5559;0;753;0;0.9986737401
5560;0;753;0;0.9986737401
5561;0;753;0;0.9986737401
5562;0;753;0;0.9986737401
5563;0;753;0;0.9986737401
5564;0;753;0;0.9986737401
5565;0;753;0;0.9986737401
5566;0;753;0;0.9986737401
5567;0;753;0;0.9986737401
5568;0;753;0;0.9986737401
5569;0;753;0;0.9986737401
5570;0;753;0;0.9986737401
5571;0;753;0;0.9986737401
5572;0;753;0;0.9986737401
5573;0;753;0;0.9986737401
5574;0;753;0;0.9986737401
5575;0;753;0;0.9986737401
5576;0;753;0;0.9986737401
5577;0;753;0;0.9986737401
5578;0;753;0;0.9986737401
5579;0;753;0;0.9986737401
5580;0;753;0;0.9986737401
5581;0;753;0;0.9986737401
5582;0;753;0;0.9986737401
5583;0;753;0;0.9986737401
5584;0;753;0;0.9986737401
5585;0;753;0;0.9986737401
5586;0;753;0;0.9986737401
5587;0;753;0;0.9986737401
5588;0;753;0;0.9986737401
5589;0;753;0;0.9986737401
5590;0;753;0;0.9986737401
5591;0;753;0;0.9986737401
5592;0;753;0;0.9986737401
5593;0;753;0;0.9986737401
5594;0;753;0;0.9986737401
5595;0;753;0;0.9986737401
5596;0;753;0;0.9986737401
5597;0;753;0;0.9986737401
5598;0;753;0;0.9986737401
5599;0;753;0;0.9986737401
5600;0;753;0;0.9986737401
5601;0;753;0;0.9986737401
5602;0;753;0;0.9986737401
5603;0;753;0;0.9986737401
5604;0;753;0;0.9986737401
5605;0;753;0;0.9986737401
5606;0;753;0;0.9986737401
5607;0;753;0;0.9986737401
5608;0;753;0;0.9986737401
5609;0;753;0;0.9986737401
5610;0;753;0;0.9986737401
5611;0;753;0;0.9986737401
5612;0;753;0;0.9986737401
5613;0;753;0;0.9986737401
5614;0;753;0;0.9986737401
5615;0;753;0;0.9986737401
5616;0;753;0;0.9986737401
5617;0;753;0;0.9986737401
5618;0;753;0;0.9986737401
5619;0;753;0;0.9986737401
5620;0;753;0;0.9986737401
5621;0;753;0;0.9986737401
5622;0;753;0;0.9986737401
5623;0;753;0;0.9986737401
5624;0;753;0;0.9986737401
5625;0;753;0;0.9986737401
5626;0;753;0;0.9986737401
5627;0;753;0;0.9986737401
5628;0;753;0;0.9986737401
5629;0;753;0;0.9986737401
5630;0;753;0;0.9986737401
5631;0;753;0;0.9986737401
5632;0;753;0;0.9986737401
5633;0;753;0;0.9986737401
5634;0;753;0;0.9986737401
5635;0;753;0;0.9986737401
5636;0;753;0;0.9986737401
5637;0;753;0;0.9986737401
5638;0;753;0;0.9986737401
5639;0;753;0;0.9986737401
5640;0;753;0;0.9986737401
5641;0;753;0;0.9986737401
5642;0;753;0;0.9986737401
5643;0;753;0;0.9986737401
5644;0;753;0;0.9986737401
5645;0;753;0;0.9986737401
5646;0;753;0;0.9986737401
5647;0;753;0;0.9986737401
5648;0;753;0;0.9986737401
5649;0;753;0;0.9986737401
5650;0;753;0;0.9986737401
5651;0;753;0;0.9986737401
5652;0;753;0;0.9986737401
5653;0;753;0;0.9986737401
5654;0;753;0;0.9986737401
5655;0;753;0;0.9986737401
5656;0;753;0;0.9986737401
5657;0;753;0;0.9986737401
5658;0;753;0;0.9986737401
5659;0;753;0;0.9986737401
5660;0;753;0;0.9986737401
5661;0;753;0;0.9986737401
5662;0;753;0;0.9986737401
5663;0;753;0;0.9986737401
5664;0;753;0;0.9986737401
5665;0;753;0;0.9986737401
5666;0;753;0;0.9986737401
5667;0;753;0;0.9986737401
5668;0;753;0;0.9986737401
5669;0;753;0;0.9986737401
5670;0;753;0;0.9986737401
5671;0;753;0;0.9986737401
5672;0;753;0;0.9986737401
5673;0;753;0;0.9986737401
5674;0;753;0;0.9986737401
5675;0;753;0;0.9986737401
5676;0;753;0;0.9986737401
5677;0;753;0;0.9986737401
5678;0;753;0;0.9986737401
5679;0;753;0;0.9986737401
5680;0;753;0;0.9986737401
5681;0;753;0;0.9986737401
5682;0;753;0;0.9986737401
5683;0;753;0;0.9986737401
5684;0;753;0;0.9986737401
5685;0;753;0;0.9986737401
5686;0;753;0;0.9986737401
5687;0;753;0;0.9986737401
5688;0;753;0;0.9986737401
5689;0;753;0;0.9986737401
5690;0;753;0;0.9986737401
5691;0;753;0;0.9986737401
5692;0;753;0;0.9986737401
5693;0;753;0;0.9986737401
5694;0;753;0;0.9986737401
5695;0;753;0;0.9986737401
5696;0;753;0;0.9986737401
5697;0;753;0;0.9986737401
5698;0;753;0;0.9986737401
5699;0;753;0;0.9986737401
5700;0;753;0;0.9986737401
5701;0;753;0;0.9986737401
5702;0;753;0;0.9986737401
5703;0;753;0;0.9986737401
5704;0;753;0;0.9986737401
5705;0;753;0;0.9986737401
5706;0;753;0;0.9986737401
5707;0;753;0;0.9986737401
5708;0;753;0;0.9986737401
5709;0;753;0;0.9986737401
5710;0;753;0;0.9986737401
5711;0;753;0;0.9986737401
5712;0;753;0;0.9986737401
5713;0;753;0;0.9986737401
5714;0;753;0;0.9986737401
5715;0;753;0;0.9986737401
5716;0;753;0;0.9986737401
5717;0;753;0;0.9986737401
5718;0;753;0;0.9986737401
5719;0;753;0;0.9986737401
5720;0;753;0;0.9986737401
5721;0;753;0;0.9986737401
5722;0;753;0;0.9986737401
5723;0;753;0;0.9986737401
5724;0;753;0;0.9986737401
5725;0;753;0;0.9986737401
5726;0;753;0;0.9986737401
5727;0;753;0;0.9986737401
5728;0;753;0;0.9986737401
5729;0;753;0;0.9986737401
5730;0;753;0;0.9986737401
5731;0;753;0;0.9986737401
5732;0;753;0;0.9986737401
5733;0;753;0;0.9986737401
5734;0;753;0;0.9986737401
5735;0;753;0;0.9986737401
5736;0;753;0;0.9986737401
5737;0;753;0;0.9986737401
5738;0;753;0;0.9986737401
5739;0;753;0;0.9986737401
5740;0;753;0;0.9986737401
5741;0;753;0;0.9986737401
5742;0;753;0;0.9986737401
5743;0;753;0;0.9986737401
5744;0;753;0;0.9986737401
5745;0;753;0;0.9986737401
5746;0;753;0;0.9986737401
5747;0;753;0;0.9986737401
5748;0;753;0;0.9986737401
5749;0;753;0;0.9986737401
5750;0;753;0;0.9986737401
5751;0;753;0;0.9986737401
5752;0;753;0;0.9986737401
5753;0;753;0;0.9986737401
5754;0;753;0;0.9986737401
5755;0;753;0;0.9986737401
5756;0;753;0;0.9986737401
5757;0;753;0;0.9986737401
5758;0;753;0;0.9986737401
5759;0;753;0;0.9986737401
5760;0;753;0;0.9986737401
5761;0;753;0;0.9986737401
5762;0;753;0;0.9986737401
5763;0;753;0;0.9986737401
5764;0;753;0;0.9986737401
5765;0;753;0;0.9986737401
5766;0;753;0;0.9986737401
5767;0;753;0;0.9986737401
5768;0;753;0;0.9986737401
5769;0;753;0;0.9986737401
5770;0;753;0;0.9986737401
5771;0;753;0;0.9986737401
5772;0;753;0;0.9986737401
5773;0;753;0;0.9986737401
5774;0;753;0;0.9986737401
5775;0;753;0;0.9986737401
5776;0;753;0;0.9986737401
5777;0;753;0;0.9986737401
5778;0;753;0;0.9986737401
5779;0;753;0;0.9986737401
5780;0;753;0;0.9986737401
5781;0;753;0;0.9986737401
5782;0;753;0;0.9986737401
5783;0;753;0;0.9986737401
5784;0;753;0;0.9986737401
5785;0;753;0;0.9986737401
5786;0;753;0;0.9986737401
5787;0;753;0;0.9986737401
5788;0;753;0;0.9986737401
5789;0;753;0;0.9986737401
5790;0;753;0;0.9986737401
5791;0;753;0;0.9986737401
5792;0;753;0;0.9986737401
5793;0;753;0;0.9986737401
5794;0;753;0;0.9986737401
5795;0;753;0;0.9986737401
5796;0;753;0;0.9986737401
5797;0;753;0;0.9986737401
5798;0;753;0;0.9986737401
5799;0;753;0;0.9986737401
5800;0;753;0;0.9986737401
5801;0;753;0;0.9986737401
5802;0;753;0;0.9986737401
5803;0;753;0;0.9986737401
5804;0;753;0;0.9986737401
5805;1;754;0.0013262599;1
5806;0;754;0;1
5807;0;754;0;1
5808;0;754;0;1
5809;0;754;0;1
5810;0;754;0;1
5811;0;754;0;1
5812;0;754;0;1
5813;0;754;0;1
5814;0;754;0;1
5815;0;754;0;1
5816;0;754;0;1
5817;0;754;0;1
5818;0;754;0;1
5819;0;754;0;1
5820;0;754;0;1
5821;0;754;0;1
5822;0;754;0;1
5823;0;754;0;1
5824;0;754;0;1
5825;0;754;0;1
5826;0;754;0;1
5827;0;754;0;1
5828;0;754;0;1
5829;0;754;0;1
5830;0;754;0;1
5831;0;754;0;1
5832;0;754;0;1
5833;0;754;0;1
5834;0;754;0;1
5835;0;754;0;1
5836;0;754;0;1
5837;0;754;0;1
5838;0;754;0;1
5839;0;754;0;1
5840;0;754;0;1
5841;0;754;0;1
5842;0;754;0;1
5843;0;754;0;1
5844;0;754;0;1
5845;0;754;0;1
5846;0;754;0;1
5847;0;754;0;1
5848;0;754;0;1
5849;0;754;0;1
5850;0;754;0;1
5851;0;754;0;1
5852;0;754;0;1
5853;0;754;0;1
5854;0;754;0;1
5855;0;754;0;1
5856;0;754;0;1
5857;0;754;0;1
5858;0;754;0;1
5859;0;754;0;1
5860;0;754;0;1
5861;0;754;0;1
5862;0;754;0;1
5863;0;754;0;1
5864;0;754;0;1
5865;0;754;0;1
5866;0;754;0;1
5867;0;754;0;1
5868;0;754;0;1
5869;0;754;0;1
5870;0;754;0;1
5871;0;754;0;1
5872;0;754;0;1
5873;0;754;0;1
5874;0;754;0;1
5875;0;754;0;1
5876;0;754;0;1
5877;0;754;0;1
5878;0;754;0;1
5879;0;754;0;1
5880;0;754;0;1
5881;0;754;0;1
5882;0;754;0;1
5883;0;754;0;1
5884;0;754;0;1
5885;0;754;0;1
5886;0;754;0;1
5887;0;754;0;1
5888;0;754;0;1
5889;0;754;0;1
5890;0;754;0;1
5891;0;754;0;1
5892;0;754;0;1
5893;0;754;0;1
5894;0;754;0;1
5895;0;754;0;1
5896;0;754;0;1
5897;0;754;0;1
5898;0;754;0;1
5899;0;754;0;1
5900;0;754;0;1
5901;0;754;0;1
5902;0;754;0;1
5903;0;754;0;1
5904;0;754;0;1
5905;0;754;0;1
5906;0;754;0;1
5907;0;754;0;1
5908;0;754;0;1
5909;0;754;0;1
5910;0;754;0;1
5911;0;754;0;1
5912;0;754;0;1
5913;0;754;0;1
5914;0;754;0;1
5915;0;754;0;1
5916;0;754;0;1
5917;0;754;0;1
5918;0;754;0;1
5919;0;754;0;1
5920;0;754;0;1
5921;0;754;0;1
5922;0;754;0;1
5923;0;754;0;1
5924;0;754;0;1
5925;0;754;0;1
5926;0;754;0;1
5927;0;754;0;1
5928;0;754;0;1
5929;0;754;0;1
5930;0;754;0;1
5931;0;754;0;1
5932;0;754;0;1
5933;0;754;0;1
5934;0;754;0;1
5935;0;754;0;1
5936;0;754;0;1
5937;0;754;0;1
5938;0;754;0;1
5939;0;754;0;1
5940;0;754;0;1
5941;0;754;0;1
5942;0;754;0;1
5943;0;754;0;1
5944;0;754;0;1
5945;0;754;0;1
5946;0;754;0;1
5947;0;754;0;1
5948;0;754;0;1
5949;0;754;0;1
5950;0;754;0;1
5951;0;754;0;1
5952;0;754;0;1
5953;0;754;0;1
5954;0;754;0;1
5955;0;754;0;1
5956;0;754;0;1
5957;0;754;0;1
5958;0;754;0;1
5959;0;754;0;1
5960;0;754;0;1
5961;0;754;0;1
5962;0;754;0;1
5963;0;754;0;1
5964;0;754;0;1
5965;0;754;0;1
5966;0;754;0;1
5967;0;754;0;1
5968;0;754;0;1
5969;0;754;0;1
5970;0;754;0;1
5971;0;754;0;1
5972;0;754;0;1
5973;0;754;0;1
5974;0;754;0;1
5975;0;754;0;1
5976;0;754;0;1
5977;0;754;0;1
5978;0;754;0;1
5979;0;754;0;1
5980;0;754;0;1
5981;0;754;0;1
5982;0;754;0;1
5983;0;754;0;1
5984;0;754;0;1
5985;0;754;0;1
5986;0;754;0;1
5987;0;754;0;1
5988;0;754;0;1
5989;0;754;0;1
5990;0;754;0;1
5991;0;754;0;1
5992;0;754;0;1
5993;0;754;0;1
5994;0;754;0;1
5995;0;754;0;1
5996;0;754;0;1
5997;0;754;0;1
5998;0;754;0;1
5999;0;754;0;1
6000;0;754;0;1
6001;0;754;0;1
6002;0;754;0;1
6003;0;754;0;1
6004;0;754;0;1
6005;0;754;0;1
6006;0;754;0;1
6007;0;754;0;1
6008;0;754;0;1
6009;0;754;0;1
6010;0;754;0;1
6011;0;754;0;1
6012;0;754;0;1
6013;0;754;0;1
6014;0;754;0;1
6015;0;754;0;1
6016;0;754;0;1
6017;0;754;0;1
6018;0;754;0;1
6019;0;754;0;1
6020;0;754;0;1
6021;0;754;0;1
6022;0;754;0;1
6023;0;754;0;1
6024;0;754;0;1
6025;0;754;0;1
6026;0;754;0;1
6027;0;754;0;1
6028;0;754;0;1
6029;0;754;0;1
6030;0;754;0;1
6031;0;754;0;1
6032;0;754;0;1
6033;0;754;0;1
6034;0;754;0;1
6035;0;754;0;1
6036;0;754;0;1
6037;0;754;0;1
6038;0;754;0;1
6039;0;754;0;1
6040;0;754;0;1
6041;0;754;0;1
6042;0;754;0;1
6043;0;754;0;1
6044;0;754;0;1
6045;0;754;0;1
6046;0;754;0;1
6047;0;754;0;1
6048;0;754;0;1
6049;0;754;0;1
6050;0;754;0;1
6051;0;754;0;1
6052;0;754;0;1
6053;0;754;0;1
6054;0;754;0;1
6055;0;754;0;1
6056;0;754;0;1
6057;0;754;0;1
6058;0;754;0;1
6059;0;754;0;1
6060;0;754;0;1
6061;0;754;0;1
6062;0;754;0;1
6063;0;754;0;1
6064;0;754;0;1
6065;0;754;0;1
6066;0;754;0;1
6067;0;754;0;1
6068;0;754;0;1
6069;0;754;0;1
6070;0;754;0;1
6071;0;754;0;1
6072;0;754;0;1
6073;0;754;0;1
6074;0;754;0;1
6075;0;754;0;1
6076;0;754;0;1
6077;0;754;0;1
6078;0;754;0;1
6079;0;754;0;1
6080;0;754;0;1
6081;0;754;0;1
6082;0;754;0;1
6083;0;754;0;1
6084;0;754;0;1
6085;0;754;0;1
6086;0;754;0;1
6087;0;754;0;1
6088;0;754;0;1
6089;0;754;0;1
6090;0;754;0;1
6091;0;754;0;1
6092;0;754;0;1
6093;0;754;0;1
6094;0;754;0;1
6095;0;754;0;1
6096;0;754;0;1
6097;0;754;0;1
6098;0;754;0;1
6099;0;754;0;1
6100;0;754;0;1
6101;0;754;0;1
6102;0;754;0;1
6103;0;754;0;1
6104;0;754;0;1
6105;0;754;0;1
6106;0;754;0;1
6107;0;754;0;1
6108;0;754;0;1
6109;0;754;0;1
6110;0;754;0;1
6111;0;754;0;1
6112;0;754;0;1
6113;0;754;0;1
6114;0;754;0;1
6115;0;754;0;1
6116;0;754;0;1
6117;0;754;0;1
6118;0;754;0;1
6119;0;754;0;1
6120;0;754;0;1
6121;0;754;0;1
6122;0;754;0;1
6123;0;754;0;1
6124;0;754;0;1
6125;0;754;0;1
6126;0;754;0;1
6127;0;754;0;1
6128;0;754;0;1
6129;0;754;0;1
6130;0;754;0;1
6131;0;754;0;1
6132;0;754;0;1
6133;0;754;0;1
6134;0;754;0;1
6135;0;754;0;1
6136;0;754;0;1
6137;0;754;0;1
6138;0;754;0;1
6139;0;754;0;1
6140;0;754;0;1
6141;0;754;0;1
6142;0;754;0;1
6143;0;754;0;1
6144;0;754;0;1
6145;0;754;0;1
6146;0;754;0;1
6147;0;754;0;1
6148;0;754;0;1
6149;0;754;0;1
6150;0;754;0;1
6151;0;754;0;1
6152;0;754;0;1
6153;0;754;0;1
6154;0;754;0;1
6155;0;754;0;1
6156;0;754;0;1
6157;0;754;0;1
6158;0;754;0;1
6159;0;754;0;1
6160;0;754;0;1
6161;0;754;0;1
6162;0;754;0;1
6163;0;754;0;1
6164;0;754;0;1
6165;0;754;0;1
6166;0;754;0;1
6167;0;754;0;1
6168;0;754;0;1
6169;0;754;0;1
6170;0;754;0;1
6171;0;754;0;1
6172;0;754;0;1
6173;0;754;0;1
6174;0;754;0;1
6175;0;754;0;1
6176;0;754;0;1
6177;0;754;0;1
6178;0;754;0;1
6179;0;754;0;1
6180;0;754;0;1
6181;0;754;0;1
6182;0;754;0;1
6183;0;754;0;1
6184;0;754;0;1
6185;0;754;0;1
6186;0;754;0;1
6187;0;754;0;1
6188;0;754;0;1
6189;0;754;0;1
6190;0;754;0;1
6191;0;754;0;1
6192;0;754;0;1
6193;0;754;0;1
6194;0;754;0;1
6195;0;754;0;1
6196;0;754;0;1
6197;0;754;0;1
6198;0;754;0;1
6199;0;754;0;1
6200;0;754;0;1
6201;0;754;0;1
6202;0;754;0;1
6203;0;754;0;1
6204;0;754;0;1
6205;0;754;0;1
6206;0;754;0;1
6207;0;754;0;1
6208;0;754;0;1
6209;0;754;0;1
6210;0;754;0;1
6211;0;754;0;1
6212;0;754;0;1
6213;0;754;0;1
6214;0;754;0;1
6215;0;754;0;1
6216;0;754;0;1
6217;0;754;0;1
6218;0;754;0;1
6219;0;754;0;1
6220;0;754;0;1
6221;0;754;0;1
6222;0;754;0;1
6223;0;754;0;1
6224;0;754;0;1
6225;0;754;0;1
6226;0;754;0;1
6227;0;754;0;1
6228;0;754;0;1
6229;0;754;0;1
6230;0;754;0;1
6231;0;754;0;1
6232;0;754;0;1
6233;0;754;0;1
6234;0;754;0;1
6235;0;754;0;1
6236;0;754;0;1
6237;0;754;0;1
6238;0;754;0;1
6239;0;754;0;1
6240;0;754;0;1
6241;0;754;0;1
6242;0;754;0;1
6243;0;754;0;1
6244;0;754;0;1
6245;0;754;0;1
6246;0;754;0;1
6247;0;754;0;1
6248;0;754;0;1
6249;0;754;0;1
6250;0;754;0;1
6251;0;754;0;1
6252;0;754;0;1
6253;0;754;0;1
6254;0;754;0;1
6255;0;754;0;1
6256;0;754;0;1
6257;0;754;0;1
6258;0;754;0;1
6259;0;754;0;1
6260;0;754;0;1
6261;0;754;0;1
6262;0;754;0;1
6263;0;754;0;1
6264;0;754;0;1
6265;0;754;0;1
6266;0;754;0;1
6267;0;754;0;1
6268;0;754;0;1
6269;0;754;0;1
6270;0;754;0;1
6271;0;754;0;1
6272;0;754;0;1
6273;0;754;0;1
6274;0;754;0;1
6275;0;754;0;1
6276;0;754;0;1
6277;0;754;0;1
6278;0;754;0;1
6279;0;754;0;1
6280;0;754;0;1
6281;0;754;0;1
6282;0;754;0;1
6283;0;754;0;1
6284;0;754;0;1
6285;0;754;0;1
6286;0;754;0;1
6287;0;754;0;1
6288;0;754;0;1
6289;0;754;0;1
6290;0;754;0;1
6291;0;754;0;1
6292;0;754;0;1
6293;0;754;0;1
6294;0;754;0;1
6295;0;754;0;1
6296;0;754;0;1
6297;0;754;0;1
6298;0;754;0;1
6299;0;754;0;1
6300;0;754;0;1
6301;0;754;0;1
6302;0;754;0;1
6303;0;754;0;1
6304;0;754;0;1
6305;0;754;0;1
6306;0;754;0;1
6307;0;754;0;1
6308;0;754;0;1
6309;0;754;0;1
6310;0;754;0;1
6311;0;754;0;1
6312;0;754;0;1
6313;0;754;0;1
6314;0;754;0;1
6315;0;754;0;1
6316;0;754;0;1
6317;0;754;0;1
6318;0;754;0;1
6319;0;754;0;1
6320;0;754;0;1
6321;0;754;0;1
6322;0;754;0;1
6323;0;754;0;1
6324;0;754;0;1
6325;0;754;0;1
6326;0;754;0;1
6327;0;754;0;1
6328;0;754;0;1
6329;0;754;0;1
6330;0;754;0;1
6331;0;754;0;1
6332;0;754;0;1
6333;0;754;0;1
6334;0;754;0;1
6335;0;754;0;1
6336;0;754;0;1
6337;0;754;0;1
6338;0;754;0;1
6339;0;754;0;1
6340;0;754;0;1
6341;0;754;0;1
6342;0;754;0;1
6343;0;754;0;1
6344;0;754;0;1
6345;0;754;0;1
6346;0;754;0;1
6347;0;754;0;1
6348;0;754;0;1
6349;0;754;0;1
6350;0;754;0;1
6351;0;754;0;1
6352;0;754;0;1
6353;0;754;0;1
6354;0;754;0;1
6355;0;754;0;1
6356;0;754;0;1
6357;0;754;0;1
6358;0;754;0;1
6359;0;754;0;1
6360;0;754;0;1
6361;0;754;0;1
6362;0;754;0;1
6363;0;754;0;1
6364;0;754;0;1
6365;0;754;0;1
6366;0;754;0;1
6367;0;754;0;1
6368;0;754;0;1
6369;0;754;0;1
6370;0;754;0;1
6371;0;754;0;1
6372;0;754;0;1
6373;0;754;0;1
6374;0;754;0;1
6375;0;754;0;1
6376;0;754;0;1
6377;0;754;0;1
6378;0;754;0;1
6379;0;754;0;1
6380;0;754;0;1
6381;0;754;0;1
6382;0;754;0;1
6383;0;754;0;1
6384;0;754;0;1
6385;0;754;0;1
6386;0;754;0;1
6387;0;754;0;1
6388;0;754;0;1
6389;0;754;0;1
6390;0;754;0;1
6391;0;754;0;1
6392;0;754;0;1
6393;0;754;0;1
6394;0;754;0;1
6395;0;754;0;1
6396;0;754;0;1
6397;0;754;0;1
6398;0;754;0;1
6399;0;754;0;1
6400;0;754;0;1
6401;0;754;0;1
6402;0;754;0;1
6403;0;754;0;1
6404;0;754;0;1
6405;0;754;0;1
6406;0;754;0;1
6407;0;754;0;1
6408;0;754;0;1
6409;0;754;0;1
6410;0;754;0;1
6411;0;754;0;1
6412;0;754;0;1
6413;0;754;0;1
6414;0;754;0;1
6415;0;754;0;1
6416;0;754;0;1
6417;0;754;0;1
6418;0;754;0;1
6419;0;754;0;1
6420;0;754;0;1
6421;0;754;0;1
6422;0;754;0;1
6423;0;754;0;1
6424;0;754;0;1
6425;0;754;0;1
6426;0;754;0;1
6427;0;754;0;1
6428;0;754;0;1
6429;0;754;0;1
6430;0;754;0;1
6431;0;754;0;1
6432;0;754;0;1
6433;0;754;0;1
6434;0;754;0;1
6435;0;754;0;1
6436;0;754;0;1
6437;0;754;0;1
6438;0;754;0;1
6439;0;754;0;1
6440;0;754;0;1
6441;0;754;0;1
6442;0;754;0;1
6443;0;754;0;1
6444;0;754;0;1
6445;0;754;0;1
6446;0;754;0;1
6447;0;754;0;1
6448;0;754;0;1
6449;0;754;0;1
6450;0;754;0;1
6451;0;754;0;1
6452;0;754;0;1
6453;0;754;0;1
6454;0;754;0;1
6455;0;754;0;1
6456;0;754;0;1
6457;0;754;0;1
6458;0;754;0;1
6459;0;754;0;1
6460;0;754;0;1
6461;0;754;0;1
6462;0;754;0;1
6463;0;754;0;1
6464;0;754;0;1
6465;0;754;0;1
6466;0;754;0;1
6467;0;754;0;1
6468;0;754;0;1
6469;0;754;0;1
6470;0;754;0;1
6471;0;754;0;1
6472;0;754;0;1
6473;0;754;0;1
6474;0;754;0;1
6475;0;754;0;1
6476;0;754;0;1
6477;0;754;0;1
6478;0;754;0;1
6479;0;754;0;1
6480;0;754;0;1
6481;0;754;0;1
6482;0;754;0;1
6483;0;754;0;1
6484;0;754;0;1
6485;0;754;0;1
6486;0;754;0;1
6487;0;754;0;1
6488;0;754;0;1
6489;0;754;0;1
6490;0;754;0;1
6491;0;754;0;1
6492;0;754;0;1
6493;0;754;0;1
6494;0;754;0;1
6495;0;754;0;1
6496;0;754;0;1
6497;0;754;0;1
6498;0;754;0;1
6499;0;754;0;1
6500;0;754;0;1
6501;0;754;0;1
6502;0;754;0;1
6503;0;754;0;1
6504;0;754;0;1
6505;0;754;0;1
6506;0;754;0;1
6507;0;754;0;1
6508;0;754;0;1
6509;0;754;0;1
6510;0;754;0;1
6511;0;754;0;1
6512;0;754;0;1
6513;0;754;0;1
6514;0;754;0;1
6515;0;754;0;1
6516;0;754;0;1
6517;0;754;0;1
6518;0;754;0;1
6519;0;754;0;1
6520;0;754;0;1
6521;0;754;0;1
6522;0;754;0;1
6523;0;754;0;1
6524;0;754;0;1
6525;0;754;0;1
6526;0;754;0;1
6527;0;754;0;1
6528;0;754;0;1
6529;0;754;0;1
6530;0;754;0;1
6531;0;754;0;1
6532;0;754;0;1
6533;0;754;0;1
6534;0;754;0;1
6535;0;754;0;1
6536;0;754;0;1
6537;0;754;0;1
6538;0;754;0;1
6539;0;754;0;1
6540;0;754;0;1
6541;0;754;0;1
6542;0;754;0;1
6543;0;754;0;1
6544;0;754;0;1
6545;0;754;0;1
6546;0;754;0;1
6547;0;754;0;1
6548;0;754;0;1
6549;0;754;0;1
6550;0;754;0;1
6551;0;754;0;1
6552;0;754;0;1
6553;0;754;0;1
6554;0;754;0;1
6555;0;754;0;1
6556;0;754;0;1
6557;0;754;0;1
6558;0;754;0;1
6559;0;754;0;1
6560;0;754;0;1
6561;0;754;0;1
6562;0;754;0;1
6563;0;754;0;1
6564;0;754;0;1
6565;0;754;0;1
6566;0;754;0;1
6567;0;754;0;1
6568;0;754;0;1
6569;0;754;0;1
6570;0;754;0;1
6571;0;754;0;1
6572;0;754;0;1
6573;0;754;0;1
6574;0;754;0;1
6575;0;754;0;1
6576;0;754;0;1
6577;0;754;0;1
6578;0;754;0;1
6579;0;754;0;1
6580;0;754;0;1
6581;0;754;0;1
6582;0;754;0;1
6583;0;754;0;1
6584;0;754;0;1
6585;0;754;0;1
6586;0;754;0;1
6587;0;754;0;1
6588;0;754;0;1
6589;0;754;0;1
6590;0;754;0;1
6591;0;754;0;1
6592;0;754;0;1
6593;0;754;0;1
6594;0;754;0;1
6595;0;754;0;1
6596;0;754;0;1
6597;0;754;0;1
6598;0;754;0;1
6599;0;754;0;1
6600;0;754;0;1
6601;0;754;0;1
6602;0;754;0;1
6603;0;754;0;1
6604;0;754;0;1
6605;0;754;0;1
6606;0;754;0;1
6607;0;754;0;1
6608;0;754;0;1
6609;0;754;0;1
6610;0;754;0;1
6611;0;754;0;1
6612;0;754;0;1
6613;0;754;0;1
6614;0;754;0;1
6615;0;754;0;1
6616;0;754;0;1
6617;0;754;0;1
6618;0;754;0;1
6619;0;754;0;1
6620;0;754;0;1
6621;0;754;0;1
6622;0;754;0;1
6623;0;754;0;1
6624;0;754;0;1
6625;0;754;0;1
6626;0;754;0;1
6627;0;754;0;1
6628;0;754;0;1
6629;0;754;0;1
6630;0;754;0;1
6631;0;754;0;1
6632;0;754;0;1
6633;0;754;0;1
6634;0;754;0;1
6635;0;754;0;1
6636;0;754;0;1
6637;0;754;0;1
6638;0;754;0;1
6639;0;754;0;1
6640;0;754;0;1
6641;0;754;0;1
6642;0;754;0;1
6643;0;754;0;1
6644;0;754;0;1
6645;0;754;0;1
6646;0;754;0;1
6647;0;754;0;1
6648;0;754;0;1
6649;0;754;0;1
6650;0;754;0;1
6651;0;754;0;1
6652;0;754;0;1
6653;0;754;0;1
6654;0;754;0;1
6655;0;754;0;1
6656;0;754;0;1
6657;0;754;0;1
6658;0;754;0;1
6659;0;754;0;1
6660;0;754;0;1
6661;0;754;0;1
6662;0;754;0;1
6663;0;754;0;1
6664;0;754;0;1
6665;0;754;0;1
6666;0;754;0;1
6667;0;754;0;1
6668;0;754;0;1
6669;0;754;0;1
6670;0;754;0;1
6671;0;754;0;1
6672;0;754;0;1
6673;0;754;0;1
6674;0;754;0;1
6675;0;754;0;1
6676;0;754;0;1
6677;0;754;0;1
6678;0;754;0;1
6679;0;754;0;1
6680;0;754;0;1
6681;0;754;0;1
6682;0;754;0;1
6683;0;754;0;1
6684;0;754;0;1
6685;0;754;0;1
6686;0;754;0;1
6687;0;754;0;1
6688;0;754;0;1
6689;0;754;0;1
6690;0;754;0;1
6691;0;754;0;1
6692;0;754;0;1
6693;0;754;0;1
6694;0;754;0;1
6695;0;754;0;1
6696;0;754;0;1
6697;0;754;0;1
6698;0;754;0;1
6699;0;754;0;1
6700;0;754;0;1
6701;0;754;0;1
6702;0;754;0;1
6703;0;754;0;1
6704;0;754;0;1
6705;0;754;0;1
6706;0;754;0;1
6707;0;754;0;1
6708;0;754;0;1
6709;0;754;0;1
6710;0;754;0;1
6711;0;754;0;1
6712;0;754;0;1
6713;0;754;0;1
6714;0;754;0;1
6715;0;754;0;1
6716;0;754;0;1
6717;0;754;0;1
6718;0;754;0;1
6719;0;754;0;1
6720;0;754;0;1
6721;0;754;0;1
6722;0;754;0;1
6723;0;754;0;1
6724;0;754;0;1
6725;0;754;0;1
6726;0;754;0;1
6727;0;754;0;1
6728;0;754;0;1
6729;0;754;0;1
6730;0;754;0;1
6731;0;754;0;1
6732;0;754;0;1
6733;0;754;0;1
6734;0;754;0;1
6735;0;754;0;1
6736;0;754;0;1
6737;0;754;0;1
6738;0;754;0;1
6739;0;754;0;1
6740;0;754;0;1
6741;0;754;0;1
6742;0;754;0;1
6743;0;754;0;1
6744;0;754;0;1
6745;0;754;0;1
6746;0;754;0;1
6747;0;754;0;1
6748;0;754;0;1
6749;0;754;0;1
6750;0;754;0;1
6751;0;754;0;1
6752;0;754;0;1
6753;0;754;0;1
6754;0;754;0;1
6755;0;754;0;1
6756;0;754;0;1
6757;0;754;0;1
6758;0;754;0;1
6759;0;754;0;1
6760;0;754;0;1
6761;0;754;0;1
6762;0;754;0;1
6763;0;754;0;1
6764;0;754;0;1
6765;0;754;0;1
6766;0;754;0;1
6767;0;754;0;1
6768;0;754;0;1
6769;0;754;0;1
6770;0;754;0;1
6771;0;754;0;1
6772;0;754;0;1
6773;0;754;0;1
6774;0;754;0;1
6775;0;754;0;1
6776;0;754;0;1
6777;0;754;0;1
6778;0;754;0;1
6779;0;754;0;1
6780;0;754;0;1
6781;0;754;0;1
6782;0;754;0;1
6783;0;754;0;1
6784;0;754;0;1
6785;0;754;0;1
6786;0;754;0;1
6787;0;754;0;1
6788;0;754;0;1
6789;0;754;0;1
6790;0;754;0;1
6791;0;754;0;1
6792;0;754;0;1
6793;0;754;0;1
6794;0;754;0;1
6795;0;754;0;1
6796;0;754;0;1
6797;0;754;0;1
6798;0;754;0;1
6799;0;754;0;1
6800;0;754;0;1
6801;0;754;0;1
6802;0;754;0;1
6803;0;754;0;1
6804;0;754;0;1
6805;0;754;0;1
6806;0;754;0;1
6807;0;754;0;1
6808;0;754;0;1
6809;0;754;0;1
6810;0;754;0;1
6811;0;754;0;1
6812;0;754;0;1
6813;0;754;0;1
6814;0;754;0;1
6815;0;754;0;1
6816;0;754;0;1
6817;0;754;0;1
6818;0;754;0;1
6819;0;754;0;1
6820;0;754;0;1
6821;0;754;0;1
6822;0;754;0;1
6823;0;754;0;1
6824;0;754;0;1
6825;0;754;0;1
6826;0;754;0;1
6827;0;754;0;1
6828;0;754;0;1
6829;0;754;0;1
6830;0;754;0;1
6831;0;754;0;1
6832;0;754;0;1
6833;0;754;0;1
6834;0;754;0;1
6835;0;754;0;1
6836;0;754;0;1
6837;0;754;0;1
6838;0;754;0;1
6839;0;754;0;1
6840;0;754;0;1
6841;0;754;0;1
6842;0;754;0;1
6843;0;754;0;1
6844;0;754;0;1
6845;0;754;0;1
6846;0;754;0;1
6847;0;754;0;1
6848;0;754;0;1
6849;0;754;0;1
6850;0;754;0;1
6851;0;754;0;1
6852;0;754;0;1
6853;0;754;0;1
6854;0;754;0;1
6855;0;754;0;1
6856;0;754;0;1
6857;0;754;0;1
6858;0;754;0;1
6859;0;754;0;1
6860;0;754;0;1
6861;0;754;0;1
6862;0;754;0;1
6863;0;754;0;1
6864;0;754;0;1
6865;0;754;0;1
6866;0;754;0;1
6867;0;754;0;1
6868;0;754;0;1
6869;0;754;0;1
6870;0;754;0;1
6871;0;754;0;1
6872;0;754;0;1
6873;0;754;0;1
6874;0;754;0;1
6875;0;754;0;1
6876;0;754;0;1
6877;0;754;0;1
6878;0;754;0;1
6879;0;754;0;1
6880;0;754;0;1
6881;0;754;0;1
6882;0;754;0;1
6883;0;754;0;1
6884;0;754;0;1
6885;0;754;0;1
6886;0;754;0;1
6887;0;754;0;1
6888;0;754;0;1
6889;0;754;0;1
6890;0;754;0;1
6891;0;754;0;1
6892;0;754;0;1
6893;0;754;0;1
6894;0;754;0;1
6895;0;754;0;1
6896;0;754;0;1
6897;0;754;0;1
6898;0;754;0;1
6899;0;754;0;1
6900;0;754;0;1
6901;0;754;0;1
6902;0;754;0;1
6903;0;754;0;1
6904;0;754;0;1
6905;0;754;0;1
6906;0;754;0;1
6907;0;754;0;1
6908;0;754;0;1
6909;0;754;0;1
6910;0;754;0;1
6911;0;754;0;1
6912;0;754;0;1
6913;0;754;0;1
6914;0;754;0;1
6915;0;754;0;1
6916;0;754;0;1
6917;0;754;0;1
6918;0;754;0;1
6919;0;754;0;1
6920;0;754;0;1
6921;0;754;0;1
6922;0;754;0;1
6923;0;754;0;1
6924;0;754;0;1
6925;0;754;0;1
6926;0;754;0;1
6927;0;754;0;1
6928;0;754;0;1
6929;0;754;0;1
6930;0;754;0;1
6931;0;754;0;1
6932;0;754;0;1
6933;0;754;0;1
6934;0;754;0;1
6935;0;754;0;1
6936;0;754;0;1
6937;0;754;0;1
6938;0;754;0;1
6939;0;754;0;1
6940;0;754;0;1
6941;0;754;0;1
6942;0;754;0;1
6943;0;754;0;1
6944;0;754;0;1
6945;0;754;0;1
6946;0;754;0;1
6947;0;754;0;1
6948;0;754;0;1
6949;0;754;0;1
6950;0;754;0;1
6951;0;754;0;1
6952;0;754;0;1
6953;0;754;0;1
6954;0;754;0;1
6955;0;754;0;1
6956;0;754;0;1
6957;0;754;0;1
6958;0;754;0;1
6959;0;754;0;1
6960;0;754;0;1
6961;0;754;0;1
6962;0;754;0;1
6963;0;754;0;1
6964;0;754;0;1
6965;0;754;0;1
6966;0;754;0;1
6967;0;754;0;1
6968;0;754;0;1
6969;0;754;0;1
6970;0;754;0;1
6971;0;754;0;1
6972;0;754;0;1
6973;0;754;0;1
6974;0;754;0;1
6975;0;754;0;1
6976;0;754;0;1
6977;0;754;0;1
6978;0;754;0;1
6979;0;754;0;1
6980;0;754;0;1
6981;0;754;0;1
6982;0;754;0;1
6983;0;754;0;1
6984;0;754;0;1
6985;0;754;0;1
6986;0;754;0;1
6987;0;754;0;1
6988;0;754;0;1
6989;0;754;0;1
6990;0;754;0;1
6991;0;754;0;1
6992;0;754;0;1
6993;0;754;0;1
6994;0;754;0;1
6995;0;754;0;1
6996;0;754;0;1
6997;0;754;0;1
6998;0;754;0;1
6999;0;754;0;1
7000;0;754;0;1
7001;0;754;0;1
7002;0;754;0;1
7003;0;754;0;1
7004;0;754;0;1
7005;0;754;0;1
7006;0;754;0;1
7007;0;754;0;1
7008;0;754;0;1
7009;0;754;0;1
7010;0;754;0;1
7011;0;754;0;1
7012;0;754;0;1
7013;0;754;0;1
7014;0;754;0;1
7015;0;754;0;1
7016;0;754;0;1
7017;0;754;0;1
7018;0;754;0;1
7019;0;754;0;1
7020;0;754;0;1
7021;0;754;0;1
7022;0;754;0;1
7023;0;754;0;1
7024;0;754;0;1
7025;0;754;0;1
7026;0;754;0;1
7027;0;754;0;1
7028;0;754;0;1
7029;0;754;0;1
7030;0;754;0;1
7031;0;754;0;1
7032;0;754;0;1
7033;0;754;0;1
7034;0;754;0;1
7035;0;754;0;1
7036;0;754;0;1
7037;0;754;0;1
7038;0;754;0;1
7039;0;754;0;1
7040;0;754;0;1
7041;0;754;0;1
7042;0;754;0;1
7043;0;754;0;1
7044;0;754;0;1
7045;0;754;0;1
7046;0;754;0;1
7047;0;754;0;1
7048;0;754;0;1
7049;0;754;0;1
7050;0;754;0;1
7051;0;754;0;1
7052;0;754;0;1
7053;0;754;0;1
7054;0;754;0;1
7055;0;754;0;1
7056;0;754;0;1
7057;0;754;0;1
7058;0;754;0;1
7059;0;754;0;1
7060;0;754;0;1
7061;0;754;0;1
7062;0;754;0;1
7063;0;754;0;1
7064;0;754;0;1
7065;0;754;0;1
7066;0;754;0;1
7067;0;754;0;1
7068;0;754;0;1
7069;0;754;0;1
7070;0;754;0;1
7071;0;754;0;1
7072;0;754;0;1
7073;0;754;0;1
7074;0;754;0;1
7075;0;754;0;1
7076;0;754;0;1
7077;0;754;0;1
7078;0;754;0;1
7079;0;754;0;1
7080;0;754;0;1
7081;0;754;0;1
7082;0;754;0;1
7083;0;754;0;1
7084;0;754;0;1
7085;0;754;0;1
7086;0;754;0;1
7087;0;754;0;1
7088;0;754;0;1
7089;0;754;0;1
7090;0;754;0;1
7091;0;754;0;1
7092;0;754;0;1
7093;0;754;0;1
7094;0;754;0;1
7095;0;754;0;1
7096;0;754;0;1
7097;0;754;0;1
7098;0;754;0;1
7099;0;754;0;1
7100;0;754;0;1
7101;0;754;0;1
7102;0;754;0;1
7103;0;754;0;1
7104;0;754;0;1
7105;0;754;0;1
7106;0;754;0;1
7107;0;754;0;1
7108;0;754;0;1
7109;0;754;0;1
7110;0;754;0;1
7111;0;754;0;1
7112;0;754;0;1
7113;0;754;0;1
7114;0;754;0;1
7115;0;754;0;1
7116;0;754;0;1
7117;0;754;0;1
7118;0;754;0;1
7119;0;754;0;1
7120;0;754;0;1
7121;0;754;0;1
7122;0;754;0;1
7123;0;754;0;1
7124;0;754;0;1
7125;0;754;0;1
7126;0;754;0;1
7127;0;754;0;1
7128;0;754;0;1
7129;0;754;0;1
7130;0;754;0;1
7131;0;754;0;1
7132;0;754;0;1
7133;0;754;0;1
7134;0;754;0;1
7135;0;754;0;1
7136;0;754;0;1
7137;0;754;0;1
7138;0;754;0;1
7139;0;754;0;1
7140;0;754;0;1
7141;0;754;0;1
7142;0;754;0;1
7143;0;754;0;1
7144;0;754;0;1
7145;0;754;0;1
7146;0;754;0;1
7147;0;754;0;1
7148;0;754;0;1
7149;0;754;0;1
7150;0;754;0;1
7151;0;754;0;1
7152;0;754;0;1
7153;0;754;0;1
7154;0;754;0;1
7155;0;754;0;1
7156;0;754;0;1
7157;0;754;0;1
7158;0;754;0;1
7159;0;754;0;1
7160;0;754;0;1
7161;0;754;0;1
7162;0;754;0;1
7163;0;754;0;1
7164;0;754;0;1
7165;0;754;0;1
7166;0;754;0;1
7167;0;754;0;1
7168;0;754;0;1
7169;0;754;0;1
7170;0;754;0;1
7171;0;754;0;1
7172;0;754;0;1
7173;0;754;0;1
7174;0;754;0;1
7175;0;754;0;1
7176;0;754;0;1
7177;0;754;0;1
7178;0;754;0;1
7179;0;754;0;1
7180;0;754;0;1
7181;0;754;0;1
7182;0;754;0;1
7183;0;754;0;1
7184;0;754;0;1
7185;0;754;0;1
7186;0;754;0;1
7187;0;754;0;1
7188;0;754;0;1
7189;0;754;0;1
7190;0;754;0;1
7191;0;754;0;1
7192;0;754;0;1
7193;0;754;0;1
7194;0;754;0;1
7195;0;754;0;1
7196;0;754;0;1
7197;0;754;0;1
7198;0;754;0;1
7199;0;754;0;1
7200;0;754;0;1
7201;0;754;0;1
7202;0;754;0;1
7203;0;754;0;1
7204;0;754;0;1
7205;0;754;0;1
7206;0;754;0;1
7207;0;754;0;1
7208;0;754;0;1
7209;0;754;0;1
7210;0;754;0;1
7211;0;754;0;1
7212;0;754;0;1
7213;0;754;0;1
7214;0;754;0;1
7215;0;754;0;1
7216;0;754;0;1
7217;0;754;0;1
7218;0;754;0;1
7219;0;754;0;1
7220;0;754;0;1
7221;0;754;0;1
7222;0;754;0;1
7223;0;754;0;1
7224;0;754;0;1
7225;0;754;0;1
7226;0;754;0;1
7227;0;754;0;1
7228;0;754;0;1
7229;0;754;0;1
7230;0;754;0;1
7231;0;754;0;1
7232;0;754;0;1
7233;0;754;0;1
7234;0;754;0;1
7235;0;754;0;1
7236;0;754;0;1
7237;0;754;0;1
7238;0;754;0;1
7239;0;754;0;1
7240;0;754;0;1
7241;0;754;0;1
7242;0;754;0;1
7243;0;754;0;1
7244;0;754;0;1
7245;0;754;0;1
7246;0;754;0;1
7247;0;754;0;1
7248;0;754;0;1
7249;0;754;0;1
7250;0;754;0;1
7251;0;754;0;1
7252;0;754;0;1
7253;0;754;0;1
7254;0;754;0;1
7255;0;754;0;1
7256;0;754;0;1
7257;0;754;0;1
7258;0;754;0;1
7259;0;754;0;1
7260;0;754;0;1
7261;0;754;0;1
7262;0;754;0;1
7263;0;754;0;1
7264;0;754;0;1
7265;0;754;0;1
7266;0;754;0;1
7267;0;754;0;1
7268;0;754;0;1
7269;0;754;0;1
7270;0;754;0;1
7271;0;754;0;1
7272;0;754;0;1
7273;0;754;0;1
7274;0;754;0;1
7275;0;754;0;1
7276;0;754;0;1
7277;0;754;0;1
7278;0;754;0;1
7279;0;754;0;1
7280;0;754;0;1
7281;0;754;0;1
7282;0;754;0;1
7283;0;754;0;1
7284;0;754;0;1
7285;0;754;0;1
7286;0;754;0;1
7287;0;754;0;1
7288;0;754;0;1
7289;0;754;0;1
7290;0;754;0;1
7291;0;754;0;1
7292;0;754;0;1
7293;0;754;0;1
7294;0;754;0;1
7295;0;754;0;1
7296;0;754;0;1
7297;0;754;0;1
7298;0;754;0;1
7299;0;754;0;1
7300;0;754;0;1
7301;0;754;0;1
7302;0;754;0;1
7303;0;754;0;1
7304;0;754;0;1
7305;0;754;0;1
7306;0;754;0;1
7307;0;754;0;1
7308;0;754;0;1
7309;0;754;0;1
7310;0;754;0;1
7311;0;754;0;1
7312;0;754;0;1
7313;0;754;0;1
7314;0;754;0;1
7315;0;754;0;1
7316;0;754;0;1
7317;0;754;0;1
7318;0;754;0;1
7319;0;754;0;1
7320;0;754;0;1
7321;0;754;0;1
7322;0;754;0;1
7323;0;754;0;1
7324;0;754;0;1
7325;0;754;0;1
7326;0;754;0;1
7327;0;754;0;1
7328;0;754;0;1
7329;0;754;0;1
7330;0;754;0;1
7331;0;754;0;1
7332;0;754;0;1
7333;0;754;0;1
7334;0;754;0;1
7335;0;754;0;1
7336;0;754;0;1
7337;0;754;0;1
7338;0;754;0;1
7339;0;754;0;1
7340;0;754;0;1
7341;0;754;0;1
7342;0;754;0;1
7343;0;754;0;1
7344;0;754;0;1
7345;0;754;0;1
7346;0;754;0;1
7347;0;754;0;1
7348;0;754;0;1
7349;0;754;0;1
7350;0;754;0;1
7351;0;754;0;1
7352;0;754;0;1
7353;0;754;0;1
7354;0;754;0;1
7355;0;754;0;1
7356;0;754;0;1
7357;0;754;0;1
7358;0;754;0;1
7359;0;754;0;1
7360;0;754;0;1
7361;0;754;0;1
7362;0;754;0;1
7363;0;754;0;1
7364;0;754;0;1
7365;0;754;0;1
7366;0;754;0;1
7367;0;754;0;1
7368;0;754;0;1
7369;0;754;0;1
7370;0;754;0;1
7371;0;754;0;1
7372;0;754;0;1
7373;0;754;0;1
7374;0;754;0;1
7375;0;754;0;1
7376;0;754;0;1
7377;0;754;0;1
7378;0;754;0;1
7379;0;754;0;1
7380;0;754;0;1
7381;0;754;0;1
7382;0;754;0;1
7383;0;754;0;1
7384;0;754;0;1
7385;0;754;0;1
7386;0;754;0;1
7387;0;754;0;1
7388;0;754;0;1
7389;0;754;0;1
7390;0;754;0;1
7391;0;754;0;1
7392;0;754;0;1
7393;0;754;0;1
7394;0;754;0;1
7395;0;754;0;1
7396;0;754;0;1
7397;0;754;0;1
7398;0;754;0;1
7399;0;754;0;1
7400;0;754;0;1
7401;0;754;0;1
7402;0;754;0;1
7403;0;754;0;1
7404;0;754;0;1
7405;0;754;0;1
7406;0;754;0;1
7407;0;754;0;1
7408;0;754;0;1
7409;0;754;0;1
7410;0;754;0;1
7411;0;754;0;1
7412;0;754;0;1
7413;0;754;0;1
7414;0;754;0;1
7415;0;754;0;1
7416;0;754;0;1
7417;0;754;0;1
7418;0;754;0;1
7419;0;754;0;1
7420;0;754;0;1
7421;0;754;0;1
7422;0;754;0;1
7423;0;754;0;1
7424;0;754;0;1
7425;0;754;0;1
7426;0;754;0;1
7427;0;754;0;1
7428;0;754;0;1
7429;0;754;0;1
7430;0;754;0;1
7431;0;754;0;1
7432;0;754;0;1
7433;0;754;0;1
7434;0;754;0;1
7435;0;754;0;1
7436;0;754;0;1
7437;0;754;0;1
7438;0;754;0;1
7439;0;754;0;1
7440;0;754;0;1
7441;0;754;0;1
7442;0;754;0;1
7443;0;754;0;1
7444;0;754;0;1
7445;0;754;0;1
7446;0;754;0;1
7447;0;754;0;1
7448;0;754;0;1
7449;0;754;0;1
7450;0;754;0;1
7451;0;754;0;1
7452;0;754;0;1
7453;0;754;0;1
7454;0;754;0;1
7455;0;754;0;1
7456;0;754;0;1
7457;0;754;0;1
7458;0;754;0;1
7459;0;754;0;1
7460;0;754;0;1
7461;0;754;0;1
7462;0;754;0;1
7463;0;754;0;1
7464;0;754;0;1
7465;0;754;0;1
7466;0;754;0;1
7467;0;754;0;1
7468;0;754;0;1
7469;0;754;0;1
7470;0;754;0;1
7471;0;754;0;1
7472;0;754;0;1
7473;0;754;0;1
7474;0;754;0;1
7475;0;754;0;1
7476;0;754;0;1
7477;0;754;0;1
7478;0;754;0;1
7479;0;754;0;1
7480;0;754;0;1
7481;0;754;0;1
7482;0;754;0;1
7483;0;754;0;1
7484;0;754;0;1
7485;0;754;0;1
7486;0;754;0;1
7487;0;754;0;1
7488;0;754;0;1
7489;0;754;0;1
7490;0;754;0;1
7491;0;754;0;1
7492;0;754;0;1
7493;0;754;0;1
7494;0;754;0;1
7495;0;754;0;1
7496;0;754;0;1
7497;0;754;0;1
7498;0;754;0;1
7499;0;754;0;1
7500;0;754;0;1
7501;0;754;0;1
7502;0;754;0;1
7503;0;754;0;1
7504;0;754;0;1
7505;0;754;0;1
7506;0;754;0;1
7507;0;754;0;1
7508;0;754;0;1
7509;0;754;0;1
7510;0;754;0;1
7511;0;754;0;1
7512;0;754;0;1
7513;0;754;0;1
7514;0;754;0;1
7515;0;754;0;1
7516;0;754;0;1
7517;0;754;0;1
7518;0;754;0;1
7519;0;754;0;1
7520;0;754;0;1
7521;0;754;0;1
7522;0;754;0;1
7523;0;754;0;1
7524;0;754;0;1
7525;0;754;0;1
7526;0;754;0;1
7527;0;754;0;1
7528;0;754;0;1
7529;0;754;0;1
7530;0;754;0;1
7531;0;754;0;1
7532;0;754;0;1
7533;0;754;0;1
7534;0;754;0;1
7535;0;754;0;1
7536;0;754;0;1
7537;0;754;0;1
7538;0;754;0;1
7539;0;754;0;1
7540;0;754;0;1
7541;0;754;0;1
7542;0;754;0;1
7543;0;754;0;1
7544;0;754;0;1
7545;0;754;0;1
7546;0;754;0;1
7547;0;754;0;1
7548;0;754;0;1
7549;0;754;0;1
7550;0;754;0;1
7551;0;754;0;1
7552;0;754;0;1
7553;0;754;0;1
7554;0;754;0;1
7555;0;754;0;1
7556;0;754;0;1
7557;0;754;0;1
7558;0;754;0;1
7559;0;754;0;1
7560;0;754;0;1
7561;0;754;0;1
7562;0;754;0;1
7563;0;754;0;1
7564;0;754;0;1
7565;0;754;0;1
7566;0;754;0;1
7567;0;754;0;1
7568;0;754;0;1
7569;0;754;0;1
7570;0;754;0;1
7571;0;754;0;1
7572;0;754;0;1
7573;0;754;0;1
7574;0;754;0;1
7575;0;754;0;1
7576;0;754;0;1
7577;0;754;0;1
7578;0;754;0;1
7579;0;754;0;1
7580;0;754;0;1
7581;0;754;0;1
7582;0;754;0;1
7583;0;754;0;1
7584;0;754;0;1
7585;0;754;0;1
7586;0;754;0;1
7587;0;754;0;1
7588;0;754;0;1
7589;0;754;0;1
7590;0;754;0;1
7591;0;754;0;1
7592;0;754;0;1
7593;0;754;0;1
7594;0;754;0;1
7595;0;754;0;1
7596;0;754;0;1
7597;0;754;0;1
7598;0;754;0;1
7599;0;754;0;1
7600;0;754;0;1
7601;0;754;0;1
7602;0;754;0;1
7603;0;754;0;1
7604;0;754;0;1
7605;0;754;0;1
7606;0;754;0;1
7607;0;754;0;1
7608;0;754;0;1
7609;0;754;0;1
7610;0;754;0;1
7611;0;754;0;1
7612;0;754;0;1
7613;0;754;0;1
7614;0;754;0;1
7615;0;754;0;1
7616;0;754;0;1
7617;0;754;0;1
7618;0;754;0;1
7619;0;754;0;1
7620;0;754;0;1
7621;0;754;0;1
7622;0;754;0;1
7623;0;754;0;1
7624;0;754;0;1
7625;0;754;0;1
7626;0;754;0;1
7627;0;754;0;1
7628;0;754;0;1
7629;0;754;0;1
7630;0;754;0;1
7631;0;754;0;1
7632;0;754;0;1
7633;0;754;0;1
7634;0;754;0;1
7635;0;754;0;1
7636;0;754;0;1
7637;0;754;0;1
7638;0;754;0;1
7639;0;754;0;1
7640;0;754;0;1
7641;0;754;0;1
7642;0;754;0;1
7643;0;754;0;1
7644;0;754;0;1
7645;0;754;0;1
7646;0;754;0;1
7647;0;754;0;1
7648;0;754;0;1
7649;0;754;0;1
7650;0;754;0;1
7651;0;754;0;1
7652;0;754;0;1
7653;0;754;0;1
7654;0;754;0;1
7655;0;754;0;1
7656;0;754;0;1
7657;0;754;0;1
7658;0;754;0;1
7659;0;754;0;1
7660;0;754;0;1
7661;0;754;0;1
7662;0;754;0;1
7663;0;754;0;1
7664;0;754;0;1
7665;0;754;0;1
7666;0;754;0;1
7667;0;754;0;1
7668;0;754;0;1
7669;0;754;0;1
7670;0;754;0;1
7671;0;754;0;1
7672;0;754;0;1
7673;0;754;0;1
7674;0;754;0;1
7675;0;754;0;1
7676;0;754;0;1
7677;0;754;0;1
7678;0;754;0;1
7679;0;754;0;1
7680;0;754;0;1
7681;0;754;0;1
7682;0;754;0;1
7683;0;754;0;1
7684;0;754;0;1
7685;0;754;0;1
7686;0;754;0;1
7687;0;754;0;1
7688;0;754;0;1
7689;0;754;0;1
7690;0;754;0;1
7691;0;754;0;1
7692;0;754;0;1
7693;0;754;0;1
7694;0;754;0;1
7695;0;754;0;1
7696;0;754;0;1
7697;0;754;0;1
7698;0;754;0;1
7699;0;754;0;1
7700;0;754;0;1
7701;0;754;0;1
7702;0;754;0;1
7703;0;754;0;1
7704;0;754;0;1
7705;0;754;0;1
7706;0;754;0;1
7707;0;754;0;1
7708;0;754;0;1
7709;0;754;0;1
7710;0;754;0;1
7711;0;754;0;1
7712;0;754;0;1
7713;0;754;0;1
7714;0;754;0;1
7715;0;754;0;1
7716;0;754;0;1
7717;0;754;0;1
7718;0;754;0;1
7719;0;754;0;1
7720;0;754;0;1
7721;0;754;0;1
7722;0;754;0;1
7723;0;754;0;1
7724;0;754;0;1
7725;0;754;0;1
7726;0;754;0;1
7727;0;754;0;1
7728;0;754;0;1
7729;0;754;0;1
7730;0;754;0;1
7731;0;754;0;1
7732;0;754;0;1
7733;0;754;0;1
7734;0;754;0;1
7735;0;754;0;1
7736;0;754;0;1
7737;0;754;0;1
7738;0;754;0;1
7739;0;754;0;1
7740;0;754;0;1
7741;0;754;0;1
7742;0;754;0;1
7743;0;754;0;1
7744;0;754;0;1
7745;0;754;0;1
7746;0;754;0;1
7747;0;754;0;1
7748;0;754;0;1
7749;0;754;0;1
7750;0;754;0;1
7751;0;754;0;1
7752;0;754;0;1
7753;0;754;0;1
7754;0;754;0;1
7755;0;754;0;1
7756;0;754;0;1
7757;0;754;0;1
7758;0;754;0;1
7759;0;754;0;1
7760;0;754;0;1
7761;0;754;0;1
7762;0;754;0;1
7763;0;754;0;1
7764;0;754;0;1
7765;0;754;0;1
7766;0;754;0;1
7767;0;754;0;1
7768;0;754;0;1
7769;0;754;0;1
7770;0;754;0;1
7771;0;754;0;1
7772;0;754;0;1
7773;0;754;0;1
7774;0;754;0;1
7775;0;754;0;1
7776;0;754;0;1
7777;0;754;0;1
7778;0;754;0;1
7779;0;754;0;1
7780;0;754;0;1
7781;0;754;0;1
7782;0;754;0;1
7783;0;754;0;1
7784;0;754;0;1
7785;0;754;0;1
7786;0;754;0;1
7787;0;754;0;1
7788;0;754;0;1
7789;0;754;0;1
7790;0;754;0;1
7791;0;754;0;1
7792;0;754;0;1
7793;0;754;0;1
7794;0;754;0;1
7795;0;754;0;1
7796;0;754;0;1
7797;0;754;0;1
7798;0;754;0;1
7799;0;754;0;1
7800;0;754;0;1
7801;0;754;0;1
7802;0;754;0;1
7803;0;754;0;1
7804;0;754;0;1
7805;0;754;0;1
7806;0;754;0;1
7807;0;754;0;1
7808;0;754;0;1
7809;0;754;0;1
7810;0;754;0;1
7811;0;754;0;1
7812;0;754;0;1
7813;0;754;0;1
7814;0;754;0;1
7815;0;754;0;1
7816;0;754;0;1
7817;0;754;0;1
7818;0;754;0;1
7819;0;754;0;1
7820;0;754;0;1
7821;0;754;0;1
7822;0;754;0;1
7823;0;754;0;1
7824;0;754;0;1
7825;0;754;0;1
7826;0;754;0;1
7827;0;754;0;1
7828;0;754;0;1
7829;0;754;0;1
7830;0;754;0;1
7831;0;754;0;1
7832;0;754;0;1
7833;0;754;0;1
7834;0;754;0;1
7835;0;754;0;1
7836;0;754;0;1
7837;0;754;0;1
7838;0;754;0;1
7839;0;754;0;1
7840;0;754;0;1
7841;0;754;0;1
7842;0;754;0;1
7843;0;754;0;1
7844;0;754;0;1
7845;0;754;0;1
7846;0;754;0;1
7847;0;754;0;1
7848;0;754;0;1
7849;0;754;0;1
7850;0;754;0;1
7851;0;754;0;1
7852;0;754;0;1
7853;0;754;0;1
7854;0;754;0;1
7855;0;754;0;1
7856;0;754;0;1
7857;0;754;0;1
7858;0;754;0;1
7859;0;754;0;1
7860;0;754;0;1
7861;0;754;0;1
7862;0;754;0;1
7863;0;754;0;1
7864;0;754;0;1
7865;0;754;0;1
7866;0;754;0;1
7867;0;754;0;1
7868;0;754;0;1
7869;0;754;0;1
7870;0;754;0;1
7871;0;754;0;1
7872;0;754;0;1
7873;0;754;0;1
7874;0;754;0;1
7875;0;754;0;1
7876;0;754;0;1
7877;0;754;0;1
7878;0;754;0;1
7879;0;754;0;1
7880;0;754;0;1
7881;0;754;0;1
7882;0;754;0;1
7883;0;754;0;1
7884;0;754;0;1
7885;0;754;0;1
7886;0;754;0;1
7887;0;754;0;1
7888;0;754;0;1
7889;0;754;0;1
7890;0;754;0;1
7891;0;754;0;1
7892;0;754;0;1
7893;0;754;0;1
7894;0;754;0;1
7895;0;754;0;1
7896;0;754;0;1
7897;0;754;0;1
7898;0;754;0;1
7899;0;754;0;1
7900;0;754;0;1
7901;0;754;0;1
7902;0;754;0;1
7903;0;754;0;1
7904;0;754;0;1
7905;0;754;0;1
7906;0;754;0;1
7907;0;754;0;1
7908;0;754;0;1
7909;0;754;0;1
7910;0;754;0;1
7911;0;754;0;1
7912;0;754;0;1
7913;0;754;0;1
7914;0;754;0;1
7915;0;754;0;1
7916;0;754;0;1
7917;0;754;0;1
7918;0;754;0;1
7919;0;754;0;1
7920;0;754;0;1
7921;0;754;0;1
7922;0;754;0;1
7923;0;754;0;1
7924;0;754;0;1
7925;0;754;0;1
7926;0;754;0;1
7927;0;754;0;1
7928;0;754;0;1
7929;0;754;0;1
7930;0;754;0;1
7931;0;754;0;1
7932;0;754;0;1
7933;0;754;0;1
7934;0;754;0;1
7935;0;754;0;1
7936;0;754;0;1
7937;0;754;0;1
7938;0;754;0;1
7939;0;754;0;1
7940;0;754;0;1
7941;0;754;0;1
7942;0;754;0;1
7943;0;754;0;1
7944;0;754;0;1
7945;0;754;0;1
7946;0;754;0;1
7947;0;754;0;1
7948;0;754;0;1
7949;0;754;0;1
7950;0;754;0;1
7951;0;754;0;1
7952;0;754;0;1
7953;0;754;0;1
7954;0;754;0;1
7955;0;754;0;1
7956;0;754;0;1
7957;0;754;0;1
7958;0;754;0;1
7959;0;754;0;1
7960;0;754;0;1
7961;0;754;0;1
7962;0;754;0;1
7963;0;754;0;1
7964;0;754;0;1
7965;0;754;0;1
7966;0;754;0;1
7967;0;754;0;1
7968;0;754;0;1
7969;0;754;0;1
7970;0;754;0;1
7971;0;754;0;1
7972;0;754;0;1
7973;0;754;0;1
7974;0;754;0;1
7975;0;754;0;1
7976;0;754;0;1
7977;0;754;0;1
7978;0;754;0;1
7979;0;754;0;1
7980;0;754;0;1
7981;0;754;0;1
7982;0;754;0;1
7983;0;754;0;1
7984;0;754;0;1
7985;0;754;0;1
7986;0;754;0;1
7987;0;754;0;1
7988;0;754;0;1
7989;0;754;0;1
7990;0;754;0;1
7991;0;754;0;1
7992;0;754;0;1
7993;0;754;0;1
7994;0;754;0;1
7995;0;754;0;1
7996;0;754;0;1
7997;0;754;0;1
7998;0;754;0;1
7999;0;754;0;1
8000;0;754;0;1
8001;0;754;0;1
8002;0;754;0;1
8003;0;754;0;1
8004;0;754;0;1
8005;0;754;0;1
8006;0;754;0;1
8007;0;754;0;1
8008;0;754;0;1
8009;0;754;0;1
8010;0;754;0;1
8011;0;754;0;1
8012;0;754;0;1
8013;0;754;0;1
8014;0;754;0;1
8015;0;754;0;1
8016;0;754;0;1
8017;0;754;0;1
8018;0;754;0;1
8019;0;754;0;1
8020;0;754;0;1
8021;0;754;0;1
8022;0;754;0;1
8023;0;754;0;1
8024;0;754;0;1
8025;0;754;0;1
8026;0;754;0;1
8027;0;754;0;1
8028;0;754;0;1
8029;0;754;0;1
8030;0;754;0;1
8031;0;754;0;1
8032;0;754;0;1
8033;0;754;0;1
8034;0;754;0;1
8035;0;754;0;1
8036;0;754;0;1
8037;0;754;0;1
8038;0;754;0;1
8039;0;754;0;1
8040;0;754;0;1
8041;0;754;0;1
8042;0;754;0;1
8043;0;754;0;1
8044;0;754;0;1
8045;0;754;0;1
8046;0;754;0;1
8047;0;754;0;1
8048;0;754;0;1
8049;0;754;0;1
8050;0;754;0;1
8051;0;754;0;1
8052;0;754;0;1
8053;0;754;0;1
8054;0;754;0;1
8055;0;754;0;1
8056;0;754;0;1
8057;0;754;0;1
8058;0;754;0;1
8059;0;754;0;1
8060;0;754;0;1
8061;0;754;0;1
8062;0;754;0;1
8063;0;754;0;1
8064;0;754;0;1
8065;0;754;0;1
8066;0;754;0;1
8067;0;754;0;1
8068;0;754;0;1
8069;0;754;0;1
8070;0;754;0;1
8071;0;754;0;1
8072;0;754;0;1
8073;0;754;0;1
8074;0;754;0;1
8075;0;754;0;1
8076;0;754;0;1
8077;0;754;0;1
8078;0;754;0;1
8079;0;754;0;1
8080;0;754;0;1
8081;0;754;0;1
8082;0;754;0;1
8083;0;754;0;1
8084;0;754;0;1
8085;0;754;0;1
8086;0;754;0;1
8087;0;754;0;1
8088;0;754;0;1
8089;0;754;0;1
8090;0;754;0;1
8091;0;754;0;1
8092;0;754;0;1
8093;0;754;0;1
8094;0;754;0;1
8095;0;754;0;1
8096;0;754;0;1
8097;0;754;0;1
8098;0;754;0;1
8099;0;754;0;1
8100;0;754;0;1
8101;0;754;0;1
8102;0;754;0;1
8103;0;754;0;1
8104;0;754;0;1
8105;0;754;0;1
8106;0;754;0;1
8107;0;754;0;1
8108;0;754;0;1
8109;0;754;0;1
8110;0;754;0;1
8111;0;754;0;1
8112;0;754;0;1
8113;0;754;0;1
8114;0;754;0;1
8115;0;754;0;1
8116;0;754;0;1
8117;0;754;0;1
8118;0;754;0;1
8119;0;754;0;1
8120;0;754;0;1
8121;0;754;0;1
8122;0;754;0;1
8123;0;754;0;1
8124;0;754;0;1
8125;0;754;0;1
8126;0;754;0;1
8127;0;754;0;1
8128;0;754;0;1
8129;0;754;0;1
8130;0;754;0;1
8131;0;754;0;1
8132;0;754;0;1
8133;0;754;0;1
8134;0;754;0;1
8135;0;754;0;1
8136;0;754;0;1
8137;0;754;0;1
8138;0;754;0;1
8139;0;754;0;1
8140;0;754;0;1
8141;0;754;0;1
8142;0;754;0;1
8143;0;754;0;1
8144;0;754;0;1
8145;0;754;0;1
8146;0;754;0;1
8147;0;754;0;1
8148;0;754;0;1
8149;0;754;0;1
8150;0;754;0;1
8151;0;754;0;1
8152;0;754;0;1
8153;0;754;0;1
8154;0;754;0;1
8155;0;754;0;1
8156;0;754;0;1
8157;0;754;0;1
8158;0;754;0;1
8159;0;754;0;1
8160;0;754;0;1
8161;0;754;0;1
8162;0;754;0;1
8163;0;754;0;1
8164;0;754;0;1
8165;0;754;0;1
8166;0;754;0;1
8167;0;754;0;1
8168;0;754;0;1
8169;0;754;0;1
8170;0;754;0;1
8171;0;754;0;1
8172;0;754;0;1
8173;0;754;0;1
8174;0;754;0;1
8175;0;754;0;1
8176;0;754;0;1
8177;0;754;0;1
8178;0;754;0;1
8179;0;754;0;1
8180;0;754;0;1
8181;0;754;0;1
8182;0;754;0;1
8183;0;754;0;1
8184;0;754;0;1
8185;0;754;0;1
8186;0;754;0;1
8187;0;754;0;1
8188;0;754;0;1
8189;0;754;0;1
8190;0;754;0;1
8191;0;754;0;1
8192;0;754;0;1
8193;0;754;0;1
8194;0;754;0;1
8195;0;754;0;1
8196;0;754;0;1
8197;0;754;0;1
8198;0;754;0;1
8199;0;754;0;1
8200;0;754;0;1
8201;0;754;0;1
8202;0;754;0;1
8203;0;754;0;1
8204;0;754;0;1
8205;0;754;0;1
8206;0;754;0;1
8207;0;754;0;1
8208;0;754;0;1
8209;0;754;0;1
8210;0;754;0;1
8211;0;754;0;1
8212;0;754;0;1
8213;0;754;0;1
8214;0;754;0;1
8215;0;754;0;1
8216;0;754;0;1
8217;0;754;0;1
8218;0;754;0;1
8219;0;754;0;1
8220;0;754;0;1
8221;0;754;0;1
8222;0;754;0;1
8223;0;754;0;1
8224;0;754;0;1
8225;0;754;0;1
8226;0;754;0;1
8227;0;754;0;1
8228;0;754;0;1
8229;0;754;0;1
8230;0;754;0;1
8231;0;754;0;1
8232;0;754;0;1
8233;0;754;0;1
8234;0;754;0;1
8235;0;754;0;1
8236;0;754;0;1
8237;0;754;0;1
8238;0;754;0;1
8239;0;754;0;1
8240;0;754;0;1
8241;0;754;0;1
8242;0;754;0;1
8243;0;754;0;1
8244;0;754;0;1
8245;0;754;0;1
8246;0;754;0;1
8247;0;754;0;1
8248;0;754;0;1
8249;0;754;0;1
8250;0;754;0;1
8251;0;754;0;1
8252;0;754;0;1
8253;0;754;0;1
8254;0;754;0;1
8255;0;754;0;1
8256;0;754;0;1
8257;0;754;0;1
8258;0;754;0;1
8259;0;754;0;1
8260;0;754;0;1
8261;0;754;0;1
8262;0;754;0;1
8263;0;754;0;1
8264;0;754;0;1
8265;0;754;0;1
8266;0;754;0;1
8267;0;754;0;1
8268;0;754;0;1
8269;0;754;0;1
8270;0;754;0;1
8271;0;754;0;1
8272;0;754;0;1
8273;0;754;0;1
8274;0;754;0;1
8275;0;754;0;1
8276;0;754;0;1
8277;0;754;0;1
8278;0;754;0;1
8279;0;754;0;1
8280;0;754;0;1
8281;0;754;0;1
8282;0;754;0;1
8283;0;754;0;1
8284;0;754;0;1
8285;0;754;0;1
8286;0;754;0;1
8287;0;754;0;1
8288;0;754;0;1
8289;0;754;0;1
8290;0;754;0;1
8291;0;754;0;1
8292;0;754;0;1
8293;0;754;0;1
8294;0;754;0;1
8295;0;754;0;1
8296;0;754;0;1
8297;0;754;0;1
8298;0;754;0;1
8299;0;754;0;1
8300;0;754;0;1
8301;0;754;0;1
8302;0;754;0;1
8303;0;754;0;1
8304;0;754;0;1
8305;0;754;0;1
8306;0;754;0;1
8307;0;754;0;1
8308;0;754;0;1
8309;0;754;0;1
8310;0;754;0;1
8311;0;754;0;1
8312;0;754;0;1
8313;0;754;0;1
8314;0;754;0;1
8315;0;754;0;1
8316;0;754;0;1
8317;0;754;0;1
8318;0;754;0;1
8319;0;754;0;1
8320;0;754;0;1
8321;0;754;0;1
8322;0;754;0;1
8323;0;754;0;1
8324;0;754;0;1
8325;0;754;0;1
8326;0;754;0;1
8327;0;754;0;1
8328;0;754;0;1
8329;0;754;0;1
8330;0;754;0;1
8331;0;754;0;1
8332;0;754;0;1
8333;0;754;0;1
8334;0;754;0;1
8335;0;754;0;1
8336;0;754;0;1
8337;0;754;0;1
8338;0;754;0;1
8339;0;754;0;1
8340;0;754;0;1
8341;0;754;0;1
8342;0;754;0;1
8343;0;754;0;1
8344;0;754;0;1
8345;0;754;0;1
8346;0;754;0;1
8347;0;754;0;1
8348;0;754;0;1
8349;0;754;0;1
8350;0;754;0;1
8351;0;754;0;1
8352;0;754;0;1
8353;0;754;0;1
8354;0;754;0;1
8355;0;754;0;1
8356;0;754;0;1
8357;0;754;0;1
8358;0;754;0;1
8359;0;754;0;1
8360;0;754;0;1
8361;0;754;0;1
8362;0;754;0;1
8363;0;754;0;1
8364;0;754;0;1
8365;0;754;0;1
8366;0;754;0;1
8367;0;754;0;1
8368;0;754;0;1
8369;0;754;0;1
8370;0;754;0;1
8371;0;754;0;1
8372;0;754;0;1
8373;0;754;0;1
8374;0;754;0;1
8375;0;754;0;1
8376;0;754;0;1
8377;0;754;0;1
8378;0;754;0;1
8379;0;754;0;1
8380;0;754;0;1
8381;0;754;0;1
8382;0;754;0;1
8383;0;754;0;1
8384;0;754;0;1
8385;0;754;0;1
8386;0;754;0;1
8387;0;754;0;1
8388;0;754;0;1
8389;0;754;0;1
8390;0;754;0;1
8391;0;754;0;1
8392;0;754;0;1
8393;0;754;0;1
8394;0;754;0;1
8395;0;754;0;1
8396;0;754;0;1
8397;0;754;0;1
8398;0;754;0;1
8399;0;754;0;1
8400;0;754;0;1
8401;0;754;0;1
8402;0;754;0;1
8403;0;754;0;1
8404;0;754;0;1
8405;0;754;0;1
8406;0;754;0;1
8407;0;754;0;1
8408;0;754;0;1
8409;0;754;0;1
8410;0;754;0;1
8411;0;754;0;1
8412;0;754;0;1
8413;0;754;0;1
8414;0;754;0;1
8415;0;754;0;1
8416;0;754;0;1
8417;0;754;0;1
8418;0;754;0;1
8419;0;754;0;1
8420;0;754;0;1
8421;0;754;0;1
8422;0;754;0;1
8423;0;754;0;1
8424;0;754;0;1
8425;0;754;0;1
8426;0;754;0;1
8427;0;754;0;1
8428;0;754;0;1
8429;0;754;0;1
8430;0;754;0;1
8431;0;754;0;1
8432;0;754;0;1
8433;0;754;0;1
8434;0;754;0;1
8435;0;754;0;1
8436;0;754;0;1
8437;0;754;0;1
8438;0;754;0;1
8439;0;754;0;1
8440;0;754;0;1
8441;0;754;0;1
8442;0;754;0;1
8443;0;754;0;1
8444;0;754;0;1
8445;0;754;0;1
8446;0;754;0;1
8447;0;754;0;1
8448;0;754;0;1
8449;0;754;0;1
8450;0;754;0;1
8451;0;754;0;1
8452;0;754;0;1
8453;0;754;0;1
8454;0;754;0;1
8455;0;754;0;1
8456;0;754;0;1
8457;0;754;0;1
8458;0;754;0;1
8459;0;754;0;1
8460;0;754;0;1
8461;0;754;0;1
8462;0;754;0;1
8463;0;754;0;1
8464;0;754;0;1
8465;0;754;0;1
8466;0;754;0;1
8467;0;754;0;1
8468;0;754;0;1
8469;0;754;0;1
8470;0;754;0;1
8471;0;754;0;1
8472;0;754;0;1
8473;0;754;0;1
8474;0;754;0;1
8475;0;754;0;1
8476;0;754;0;1
8477;0;754;0;1
8478;0;754;0;1
8479;0;754;0;1
8480;0;754;0;1
8481;0;754;0;1
8482;0;754;0;1
8483;0;754;0;1
8484;0;754;0;1
8485;0;754;0;1
8486;0;754;0;1
8487;0;754;0;1
8488;0;754;0;1
8489;0;754;0;1
8490;0;754;0;1
8491;0;754;0;1
8492;0;754;0;1
8493;0;754;0;1
8494;0;754;0;1
8495;0;754;0;1
8496;0;754;0;1
8497;0;754;0;1
8498;0;754;0;1
8499;0;754;0;1
8500;0;754;0;1
8501;0;754;0;1
8502;0;754;0;1
8503;0;754;0;1
8504;0;754;0;1
8505;0;754;0;1
8506;0;754;0;1
8507;0;754;0;1
8508;0;754;0;1
8509;0;754;0;1
8510;0;754;0;1
8511;0;754;0;1
8512;0;754;0;1
8513;0;754;0;1
8514;0;754;0;1
8515;0;754;0;1
8516;0;754;0;1
8517;0;754;0;1
8518;0;754;0;1
8519;0;754;0;1
8520;0;754;0;1
8521;0;754;0;1
8522;0;754;0;1
8523;0;754;0;1
8524;0;754;0;1
8525;0;754;0;1
8526;0;754;0;1
8527;0;754;0;1
8528;0;754;0;1
8529;0;754;0;1
8530;0;754;0;1
8531;0;754;0;1
8532;0;754;0;1
8533;0;754;0;1
8534;0;754;0;1
8535;0;754;0;1
8536;0;754;0;1
8537;0;754;0;1
8538;0;754;0;1
8539;0;754;0;1
8540;0;754;0;1
8541;0;754;0;1
8542;0;754;0;1
8543;0;754;0;1
8544;0;754;0;1
8545;0;754;0;1
8546;0;754;0;1
8547;0;754;0;1
8548;0;754;0;1
8549;0;754;0;1
8550;0;754;0;1
8551;0;754;0;1
8552;0;754;0;1
8553;0;754;0;1
8554;0;754;0;1
8555;0;754;0;1
8556;0;754;0;1
8557;0;754;0;1
8558;0;754;0;1
8559;0;754;0;1
8560;0;754;0;1
8561;0;754;0;1
8562;0;754;0;1
8563;0;754;0;1
8564;0;754;0;1
8565;0;754;0;1
8566;0;754;0;1
8567;0;754;0;1
8568;0;754;0;1
8569;0;754;0;1
8570;0;754;0;1
8571;0;754;0;1
8572;0;754;0;1
8573;0;754;0;1
8574;0;754;0;1
8575;0;754;0;1
8576;0;754;0;1
8577;0;754;0;1
8578;0;754;0;1
8579;0;754;0;1
8580;0;754;0;1
8581;0;754;0;1
8582;0;754;0;1
8583;0;754;0;1
8584;0;754;0;1
8585;0;754;0;1
8586;0;754;0;1
8587;0;754;0;1
8588;0;754;0;1
8589;0;754;0;1
8590;0;754;0;1
8591;0;754;0;1
8592;0;754;0;1
8593;0;754;0;1
8594;0;754;0;1
8595;0;754;0;1
8596;0;754;0;1
8597;0;754;0;1
8598;0;754;0;1
8599;0;754;0;1
8600;0;754;0;1
8601;0;754;0;1
8602;0;754;0;1
8603;0;754;0;1
8604;0;754;0;1
8605;0;754;0;1
8606;0;754;0;1
8607;0;754;0;1
8608;0;754;0;1
8609;0;754;0;1
8610;0;754;0;1
8611;0;754;0;1
8612;0;754;0;1
8613;0;754;0;1
8614;0;754;0;1
8615;0;754;0;1
8616;0;754;0;1
8617;0;754;0;1
8618;0;754;0;1
8619;0;754;0;1
8620;0;754;0;1
8621;0;754;0;1
8622;0;754;0;1
8623;0;754;0;1
8624;0;754;0;1
8625;0;754;0;1
8626;0;754;0;1
8627;0;754;0;1
8628;0;754;0;1
8629;0;754;0;1
8630;0;754;0;1
8631;0;754;0;1
8632;0;754;0;1
8633;0;754;0;1
8634;0;754;0;1
8635;0;754;0;1
8636;0;754;0;1
8637;0;754;0;1
8638;0;754;0;1
8639;0;754;0;1
8640;0;754;0;1
8641;0;754;0;1
8642;0;754;0;1
8643;0;754;0;1
8644;0;754;0;1
8645;0;754;0;1
8646;0;754;0;1
8647;0;754;0;1
8648;0;754;0;1
8649;0;754;0;1
8650;0;754;0;1
8651;0;754;0;1
8652;0;754;0;1
8653;0;754;0;1
8654;0;754;0;1
8655;0;754;0;1
8656;0;754;0;1
8657;0;754;0;1
8658;0;754;0;1
8659;0;754;0;1
8660;0;754;0;1
8661;0;754;0;1
8662;0;754;0;1
8663;0;754;0;1
8664;0;754;0;1
8665;0;754;0;1
8666;0;754;0;1
8667;0;754;0;1
8668;0;754;0;1
8669;0;754;0;1
8670;0;754;0;1
8671;0;754;0;1
8672;0;754;0;1
8673;0;754;0;1
8674;0;754;0;1
8675;0;754;0;1
8676;0;754;0;1
8677;0;754;0;1
8678;0;754;0;1
8679;0;754;0;1
8680;0;754;0;1
8681;0;754;0;1
8682;0;754;0;1
8683;0;754;0;1
8684;0;754;0;1
8685;0;754;0;1
8686;0;754;0;1
8687;0;754;0;1
8688;0;754;0;1
8689;0;754;0;1
8690;0;754;0;1
8691;0;754;0;1
8692;0;754;0;1
8693;0;754;0;1
8694;0;754;0;1
8695;0;754;0;1
8696;0;754;0;1
8697;0;754;0;1
8698;0;754;0;1
8699;0;754;0;1
8700;0;754;0;1
8701;0;754;0;1
8702;0;754;0;1
8703;0;754;0;1
8704;0;754;0;1
8705;0;754;0;1
8706;0;754;0;1
8707;0;754;0;1
8708;0;754;0;1
8709;0;754;0;1
8710;0;754;0;1
8711;0;754;0;1
8712;0;754;0;1
8713;0;754;0;1
8714;0;754;0;1
8715;0;754;0;1
8716;0;754;0;1
8717;0;754;0;1
8718;0;754;0;1
8719;0;754;0;1
8720;0;754;0;1
8721;0;754;0;1
8722;0;754;0;1
8723;0;754;0;1
8724;0;754;0;1
8725;0;754;0;1
8726;0;754;0;1
8727;0;754;0;1
8728;0;754;0;1
8729;0;754;0;1
8730;0;754;0;1
8731;0;754;0;1
8732;0;754;0;1
8733;0;754;0;1
8734;0;754;0;1
8735;0;754;0;1
8736;0;754;0;1
8737;0;754;0;1
8738;0;754;0;1
8739;0;754;0;1
8740;0;754;0;1
8741;0;754;0;1
8742;0;754;0;1
8743;0;754;0;1
8744;0;754;0;1
8745;0;754;0;1
8746;0;754;0;1
8747;0;754;0;1
8748;0;754;0;1
8749;0;754;0;1
8750;0;754;0;1
8751;0;754;0;1
8752;0;754;0;1
8753;0;754;0;1
8754;0;754;0;1
8755;0;754;0;1
8756;0;754;0;1
8757;0;754;0;1
8758;0;754;0;1
8759;0;754;0;1
8760;0;754;0;1
8761;0;754;0;1
8762;0;754;0;1
8763;0;754;0;1
8764;0;754;0;1
8765;0;754;0;1
8766;0;754;0;1
8767;0;754;0;1
8768;0;754;0;1
8769;0;754;0;1
8770;0;754;0;1
8771;0;754;0;1
8772;0;754;0;1
8773;0;754;0;1
8774;0;754;0;1
8775;0;754;0;1
8776;0;754;0;1
8777;0;754;0;1
8778;0;754;0;1
8779;0;754;0;1
8780;0;754;0;1
8781;0;754;0;1
8782;0;754;0;1
8783;0;754;0;1
8784;0;754;0;1
8785;0;754;0;1
8786;0;754;0;1
8787;0;754;0;1
8788;0;754;0;1
8789;0;754;0;1
8790;0;754;0;1
8791;0;754;0;1
8792;0;754;0;1
8793;0;754;0;1
8794;0;754;0;1
8795;0;754;0;1
8796;0;754;0;1
8797;0;754;0;1
8798;0;754;0;1
8799;0;754;0;1
8800;0;754;0;1
8801;0;754;0;1
8802;0;754;0;1
8803;0;754;0;1
8804;0;754;0;1
8805;0;754;0;1
8806;0;754;0;1
8807;0;754;0;1
8808;0;754;0;1
8809;0;754;0;1
8810;0;754;0;1
8811;0;754;0;1
8812;0;754;0;1
8813;0;754;0;1
8814;0;754;0;1
8815;0;754;0;1
8816;0;754;0;1
8817;0;754;0;1
8818;0;754;0;1
8819;0;754;0;1
8820;0;754;0;1
8821;0;754;0;1
8822;0;754;0;1
8823;0;754;0;1
8824;0;754;0;1
8825;0;754;0;1
8826;0;754;0;1
8827;0;754;0;1
8828;0;754;0;1
8829;0;754;0;1
8830;0;754;0;1
8831;0;754;0;1
8832;0;754;0;1
8833;0;754;0;1
8834;0;754;0;1
8835;0;754;0;1
8836;0;754;0;1
8837;0;754;0;1
8838;0;754;0;1
8839;0;754;0;1
8840;0;754;0;1
8841;0;754;0;1
8842;0;754;0;1
8843;0;754;0;1
8844;0;754;0;1
8845;0;754;0;1
8846;0;754;0;1
8847;0;754;0;1
8848;0;754;0;1
8849;0;754;0;1
8850;0;754;0;1
8851;0;754;0;1
8852;0;754;0;1
8853;0;754;0;1
8854;0;754;0;1
8855;0;754;0;1
8856;0;754;0;1
8857;0;754;0;1
8858;0;754;0;1
8859;0;754;0;1
8860;0;754;0;1
8861;0;754;0;1
8862;0;754;0;1
8863;0;754;0;1
8864;0;754;0;1
8865;0;754;0;1
8866;0;754;0;1
8867;0;754;0;1
8868;0;754;0;1
8869;0;754;0;1
8870;0;754;0;1
8871;0;754;0;1
8872;0;754;0;1
8873;0;754;0;1
8874;0;754;0;1
8875;0;754;0;1
8876;0;754;0;1
8877;0;754;0;1
8878;0;754;0;1
8879;0;754;0;1
8880;0;754;0;1
8881;0;754;0;1
8882;0;754;0;1
8883;0;754;0;1
8884;0;754;0;1
8885;0;754;0;1
8886;0;754;0;1
8887;0;754;0;1
8888;0;754;0;1
8889;0;754;0;1
8890;0;754;0;1
8891;0;754;0;1
8892;0;754;0;1
8893;0;754;0;1
8894;0;754;0;1
8895;0;754;0;1
8896;0;754;0;1
8897;0;754;0;1
8898;0;754;0;1
8899;0;754;0;1
8900;0;754;0;1
8901;0;754;0;1
8902;0;754;0;1
8903;0;754;0;1
8904;0;754;0;1
8905;0;754;0;1
8906;0;754;0;1
8907;0;754;0;1
8908;0;754;0;1
8909;0;754;0;1
8910;0;754;0;1
8911;0;754;0;1
8912;0;754;0;1
8913;0;754;0;1
8914;0;754;0;1
8915;0;754;0;1
8916;0;754;0;1
8917;0;754;0;1
8918;0;754;0;1
8919;0;754;0;1
8920;0;754;0;1
8921;0;754;0;1
8922;0;754;0;1
8923;0;754;0;1
8924;0;754;0;1
8925;0;754;0;1
8926;0;754;0;1
8927;0;754;0;1
8928;0;754;0;1
8929;0;754;0;1
8930;0;754;0;1
8931;0;754;0;1
8932;0;754;0;1
8933;0;754;0;1
8934;0;754;0;1
8935;0;754;0;1
8936;0;754;0;1
8937;0;754;0;1
8938;0;754;0;1
8939;0;754;0;1
8940;0;754;0;1
8941;0;754;0;1
8942;0;754;0;1
8943;0;754;0;1
8944;0;754;0;1
8945;0;754;0;1
8946;0;754;0;1
8947;0;754;0;1
8948;0;754;0;1
8949;0;754;0;1
8950;0;754;0;1
8951;0;754;0;1
8952;0;754;0;1
8953;0;754;0;1
8954;0;754;0;1
8955;0;754;0;1
8956;0;754;0;1
8957;0;754;0;1
8958;0;754;0;1
8959;0;754;0;1
8960;0;754;0;1
8961;0;754;0;1
8962;0;754;0;1
8963;0;754;0;1
8964;0;754;0;1
8965;0;754;0;1
8966;0;754;0;1
8967;0;754;0;1
8968;0;754;0;1
8969;0;754;0;1
8970;0;754;0;1
8971;0;754;0;1
8972;0;754;0;1
8973;0;754;0;1
8974;0;754;0;1
8975;0;754;0;1
8976;0;754;0;1
8977;0;754;0;1
8978;0;754;0;1
8979;0;754;0;1
8980;0;754;0;1
8981;0;754;0;1
8982;0;754;0;1
8983;0;754;0;1
8984;0;754;0;1
8985;0;754;0;1
8986;0;754;0;1
8987;0;754;0;1
8988;0;754;0;1
8989;0;754;0;1
8990;0;754;0;1
8991;0;754;0;1
8992;0;754;0;1
8993;0;754;0;1
8994;0;754;0;1
8995;0;754;0;1
8996;0;754;0;1
8997;0;754;0;1
8998;0;754;0;1
8999;0;754;0;1
9000;0;754;0;1
9001;0;754;0;1
9002;0;754;0;1
9003;0;754;0;1
9004;0;754;0;1
9005;0;754;0;1
9006;0;754;0;1
9007;0;754;0;1
9008;0;754;0;1
9009;0;754;0;1
9010;0;754;0;1
9011;0;754;0;1
9012;0;754;0;1
9013;0;754;0;1
9014;0;754;0;1
9015;0;754;0;1
9016;0;754;0;1
9017;0;754;0;1
9018;0;754;0;1
9019;0;754;0;1
9020;0;754;0;1
9021;0;754;0;1
9022;0;754;0;1
9023;0;754;0;1
9024;0;754;0;1
9025;0;754;0;1
9026;0;754;0;1
9027;0;754;0;1
9028;0;754;0;1
9029;0;754;0;1
9030;0;754;0;1
9031;0;754;0;1
9032;0;754;0;1
9033;0;754;0;1
9034;0;754;0;1
9035;0;754;0;1
9036;0;754;0;1
9037;0;754;0;1
9038;0;754;0;1
9039;0;754;0;1
9040;0;754;0;1
9041;0;754;0;1
9042;0;754;0;1
9043;0;754;0;1
9044;0;754;0;1
9045;0;754;0;1
9046;0;754;0;1
9047;0;754;0;1
9048;0;754;0;1
9049;0;754;0;1
9050;0;754;0;1
9051;0;754;0;1
9052;0;754;0;1
9053;0;754;0;1
9054;0;754;0;1
9055;0;754;0;1
9056;0;754;0;1
9057;0;754;0;1
9058;0;754;0;1
9059;0;754;0;1
9060;0;754;0;1
9061;0;754;0;1
9062;0;754;0;1
9063;0;754;0;1
9064;0;754;0;1
9065;0;754;0;1
9066;0;754;0;1
9067;0;754;0;1
9068;0;754;0;1
9069;0;754;0;1
9070;0;754;0;1
9071;0;754;0;1
9072;0;754;0;1
9073;0;754;0;1
9074;0;754;0;1
9075;0;754;0;1
9076;0;754;0;1
9077;0;754;0;1
9078;0;754;0;1
9079;0;754;0;1
9080;0;754;0;1
9081;0;754;0;1
9082;0;754;0;1
9083;0;754;0;1
9084;0;754;0;1
9085;0;754;0;1
9086;0;754;0;1
9087;0;754;0;1
9088;0;754;0;1
9089;0;754;0;1
9090;0;754;0;1
9091;0;754;0;1
9092;0;754;0;1
9093;0;754;0;1
9094;0;754;0;1
9095;0;754;0;1
9096;0;754;0;1
9097;0;754;0;1
9098;0;754;0;1
9099;0;754;0;1
9100;0;754;0;1
9101;0;754;0;1
9102;0;754;0;1
9103;0;754;0;1
9104;0;754;0;1
9105;0;754;0;1
9106;0;754;0;1
9107;0;754;0;1
9108;0;754;0;1
9109;0;754;0;1
9110;0;754;0;1
9111;0;754;0;1
9112;0;754;0;1
9113;0;754;0;1
9114;0;754;0;1
9115;0;754;0;1
9116;0;754;0;1
9117;0;754;0;1
9118;0;754;0;1
9119;0;754;0;1
9120;0;754;0;1
9121;0;754;0;1
9122;0;754;0;1
9123;0;754;0;1
9124;0;754;0;1
9125;0;754;0;1
9126;0;754;0;1
9127;0;754;0;1
9128;0;754;0;1
9129;0;754;0;1
9130;0;754;0;1
9131;0;754;0;1
9132;0;754;0;1
9133;0;754;0;1
9134;0;754;0;1
9135;0;754;0;1
9136;0;754;0;1
9137;0;754;0;1
9138;0;754;0;1
9139;0;754;0;1
9140;0;754;0;1
9141;0;754;0;1
9142;0;754;0;1
9143;0;754;0;1
9144;0;754;0;1
9145;0;754;0;1
9146;0;754;0;1
9147;0;754;0;1
9148;0;754;0;1
9149;0;754;0;1
9150;0;754;0;1
9151;0;754;0;1
9152;0;754;0;1
9153;0;754;0;1
9154;0;754;0;1
9155;0;754;0;1
9156;0;754;0;1
9157;0;754;0;1
9158;0;754;0;1
9159;0;754;0;1
9160;0;754;0;1
9161;0;754;0;1
9162;0;754;0;1
9163;0;754;0;1
9164;0;754;0;1
9165;0;754;0;1
9166;0;754;0;1
9167;0;754;0;1
9168;0;754;0;1
9169;0;754;0;1
9170;0;754;0;1
9171;0;754;0;1
9172;0;754;0;1
9173;0;754;0;1
9174;0;754;0;1
9175;0;754;0;1
9176;0;754;0;1
9177;0;754;0;1
9178;0;754;0;1
9179;0;754;0;1
9180;0;754;0;1
9181;0;754;0;1
9182;0;754;0;1
9183;0;754;0;1
9184;0;754;0;1
9185;0;754;0;1
9186;0;754;0;1
9187;0;754;0;1
9188;0;754;0;1
9189;0;754;0;1
9190;0;754;0;1
9191;0;754;0;1
9192;0;754;0;1
9193;0;754;0;1
9194;0;754;0;1
9195;0;754;0;1
9196;0;754;0;1
9197;0;754;0;1
9198;0;754;0;1
9199;0;754;0;1
9200;0;754;0;1
9201;0;754;0;1
9202;0;754;0;1
9203;0;754;0;1
9204;0;754;0;1
9205;0;754;0;1
9206;0;754;0;1
9207;0;754;0;1
9208;0;754;0;1
9209;0;754;0;1
9210;0;754;0;1
9211;0;754;0;1
9212;0;754;0;1
9213;0;754;0;1
9214;0;754;0;1
9215;0;754;0;1
9216;0;754;0;1
9217;0;754;0;1
9218;0;754;0;1
9219;0;754;0;1
9220;0;754;0;1
9221;0;754;0;1
9222;0;754;0;1
9223;0;754;0;1
9224;0;754;0;1
9225;0;754;0;1
9226;0;754;0;1
9227;0;754;0;1
9228;0;754;0;1
9229;0;754;0;1
9230;0;754;0;1
9231;0;754;0;1
9232;0;754;0;1
9233;0;754;0;1
9234;0;754;0;1
9235;0;754;0;1
9236;0;754;0;1
9237;0;754;0;1
9238;0;754;0;1
9239;0;754;0;1
9240;0;754;0;1
9241;0;754;0;1
9242;0;754;0;1
9243;0;754;0;1
9244;0;754;0;1
9245;0;754;0;1
9246;0;754;0;1
9247;0;754;0;1
9248;0;754;0;1
9249;0;754;0;1
9250;0;754;0;1
9251;0;754;0;1
9252;0;754;0;1
9253;0;754;0;1
9254;0;754;0;1
9255;0;754;0;1
9256;0;754;0;1
9257;0;754;0;1
9258;0;754;0;1
9259;0;754;0;1
9260;0;754;0;1
9261;0;754;0;1
9262;0;754;0;1
9263;0;754;0;1
9264;0;754;0;1
9265;0;754;0;1
9266;0;754;0;1
9267;0;754;0;1
9268;0;754;0;1
9269;0;754;0;1
9270;0;754;0;1
9271;0;754;0;1
9272;0;754;0;1
9273;0;754;0;1
9274;0;754;0;1
9275;0;754;0;1
9276;0;754;0;1
9277;0;754;0;1
9278;0;754;0;1
9279;0;754;0;1
9280;0;754;0;1
9281;0;754;0;1
9282;0;754;0;1
9283;0;754;0;1
9284;0;754;0;1
9285;0;754;0;1
9286;0;754;0;1
9287;0;754;0;1
9288;0;754;0;1
9289;0;754;0;1
9290;0;754;0;1
9291;0;754;0;1
9292;0;754;0;1
9293;0;754;0;1
9294;0;754;0;1
9295;0;754;0;1
9296;0;754;0;1
9297;0;754;0;1
9298;0;754;0;1
9299;0;754;0;1
9300;0;754;0;1
9301;0;754;0;1
9302;0;754;0;1
9303;0;754;0;1
9304;0;754;0;1
9305;0;754;0;1
9306;0;754;0;1
9307;0;754;0;1
9308;0;754;0;1
9309;0;754;0;1
9310;0;754;0;1
9311;0;754;0;1
9312;0;754;0;1
9313;0;754;0;1
9314;0;754;0;1
9315;0;754;0;1
9316;0;754;0;1
9317;0;754;0;1
9318;0;754;0;1
9319;0;754;0;1
9320;0;754;0;1
9321;0;754;0;1
9322;0;754;0;1
9323;0;754;0;1
9324;0;754;0;1
9325;0;754;0;1
9326;0;754;0;1
9327;0;754;0;1
9328;0;754;0;1
9329;0;754;0;1
9330;0;754;0;1
9331;0;754;0;1
9332;0;754;0;1
9333;0;754;0;1
9334;0;754;0;1
9335;0;754;0;1
9336;0;754;0;1
9337;0;754;0;1
9338;0;754;0;1
9339;0;754;0;1
9340;0;754;0;1
9341;0;754;0;1
9342;0;754;0;1
9343;0;754;0;1
9344;0;754;0;1
9345;0;754;0;1
9346;0;754;0;1
9347;0;754;0;1
9348;0;754;0;1
9349;0;754;0;1
9350;0;754;0;1
9351;0;754;0;1
9352;0;754;0;1
9353;0;754;0;1
9354;0;754;0;1
9355;0;754;0;1
9356;0;754;0;1
9357;0;754;0;1
9358;0;754;0;1
9359;0;754;0;1
9360;0;754;0;1
9361;0;754;0;1
9362;0;754;0;1
9363;0;754;0;1
9364;0;754;0;1
9365;0;754;0;1
9366;0;754;0;1
9367;0;754;0;1
9368;0;754;0;1
9369;0;754;0;1
9370;0;754;0;1
9371;0;754;0;1
9372;0;754;0;1
9373;0;754;0;1
9374;0;754;0;1
9375;0;754;0;1
9376;0;754;0;1
9377;0;754;0;1
9378;0;754;0;1
9379;0;754;0;1
9380;0;754;0;1
9381;0;754;0;1
9382;0;754;0;1
9383;0;754;0;1
9384;0;754;0;1
9385;0;754;0;1
9386;0;754;0;1
9387;0;754;0;1
9388;0;754;0;1
9389;0;754;0;1
9390;0;754;0;1
9391;0;754;0;1
9392;0;754;0;1
9393;0;754;0;1
9394;0;754;0;1
9395;0;754;0;1
9396;0;754;0;1
9397;0;754;0;1
9398;0;754;0;1
9399;0;754;0;1
9400;0;754;0;1
9401;0;754;0;1
9402;0;754;0;1
9403;0;754;0;1
9404;0;754;0;1
9405;0;754;0;1
9406;0;754;0;1
9407;0;754;0;1
9408;0;754;0;1
9409;0;754;0;1
9410;0;754;0;1
9411;0;754;0;1
9412;0;754;0;1
9413;0;754;0;1
9414;0;754;0;1
9415;0;754;0;1
9416;0;754;0;1
9417;0;754;0;1
9418;0;754;0;1
9419;0;754;0;1
9420;0;754;0;1
9421;0;754;0;1
9422;0;754;0;1
9423;0;754;0;1
9424;0;754;0;1
9425;0;754;0;1
9426;0;754;0;1
9427;0;754;0;1
9428;0;754;0;1
9429;0;754;0;1
9430;0;754;0;1
9431;0;754;0;1
9432;0;754;0;1
9433;0;754;0;1
9434;0;754;0;1
9435;0;754;0;1
9436;0;754;0;1
9437;0;754;0;1
9438;0;754;0;1
9439;0;754;0;1
9440;0;754;0;1
9441;0;754;0;1
9442;0;754;0;1
9443;0;754;0;1
9444;0;754;0;1
9445;0;754;0;1
9446;0;754;0;1
9447;0;754;0;1
9448;0;754;0;1
9449;0;754;0;1
9450;0;754;0;1
9451;0;754;0;1
9452;0;754;0;1
9453;0;754;0;1
9454;0;754;0;1
9455;0;754;0;1
9456;0;754;0;1
9457;0;754;0;1
9458;0;754;0;1
9459;0;754;0;1
9460;0;754;0;1
9461;0;754;0;1
9462;0;754;0;1
9463;0;754;0;1
9464;0;754;0;1
9465;0;754;0;1
9466;0;754;0;1
9467;0;754;0;1
9468;0;754;0;1
9469;0;754;0;1
9470;0;754;0;1
9471;0;754;0;1
9472;0;754;0;1
9473;0;754;0;1
9474;0;754;0;1
9475;0;754;0;1
9476;0;754;0;1
9477;0;754;0;1
9478;0;754;0;1
9479;0;754;0;1
9480;0;754;0;1
9481;0;754;0;1
9482;0;754;0;1
9483;0;754;0;1
9484;0;754;0;1
9485;0;754;0;1
9486;0;754;0;1
9487;0;754;0;1
9488;0;754;0;1
9489;0;754;0;1
9490;0;754;0;1
9491;0;754;0;1
9492;0;754;0;1
9493;0;754;0;1
9494;0;754;0;1
9495;0;754;0;1
9496;0;754;0;1
9497;0;754;0;1
9498;0;754;0;1
9499;0;754;0;1
9500;0;754;0;1
9501;0;754;0;1
9502;0;754;0;1
9503;0;754;0;1
9504;0;754;0;1
9505;0;754;0;1
9506;0;754;0;1
9507;0;754;0;1
9508;0;754;0;1
9509;0;754;0;1
9510;0;754;0;1
9511;0;754;0;1
9512;0;754;0;1
9513;0;754;0;1
9514;0;754;0;1
9515;0;754;0;1
9516;0;754;0;1
9517;0;754;0;1
9518;0;754;0;1
9519;0;754;0;1
9520;0;754;0;1
9521;0;754;0;1
9522;0;754;0;1
9523;0;754;0;1
9524;0;754;0;1
9525;0;754;0;1
9526;0;754;0;1
9527;0;754;0;1
9528;0;754;0;1
9529;0;754;0;1
9530;0;754;0;1
9531;0;754;0;1
9532;0;754;0;1
9533;0;754;0;1
9534;0;754;0;1
9535;0;754;0;1
9536;0;754;0;1
9537;0;754;0;1
9538;0;754;0;1
9539;0;754;0;1
9540;0;754;0;1
9541;0;754;0;1
9542;0;754;0;1
9543;0;754;0;1
9544;0;754;0;1
9545;0;754;0;1
9546;0;754;0;1
9547;0;754;0;1
9548;0;754;0;1
9549;0;754;0;1
9550;0;754;0;1
9551;0;754;0;1
9552;0;754;0;1
9553;0;754;0;1
9554;0;754;0;1
9555;0;754;0;1
9556;0;754;0;1
9557;0;754;0;1
9558;0;754;0;1
9559;0;754;0;1
9560;0;754;0;1
9561;0;754;0;1
9562;0;754;0;1
9563;0;754;0;1
9564;0;754;0;1
9565;0;754;0;1
9566;0;754;0;1
9567;0;754;0;1
9568;0;754;0;1
9569;0;754;0;1
9570;0;754;0;1
9571;0;754;0;1
9572;0;754;0;1
9573;0;754;0;1
9574;0;754;0;1
9575;0;754;0;1
9576;0;754;0;1
9577;0;754;0;1
9578;0;754;0;1
9579;0;754;0;1
9580;0;754;0;1
9581;0;754;0;1
9582;0;754;0;1
9583;0;754;0;1
9584;0;754;0;1
9585;0;754;0;1
9586;0;754;0;1
9587;0;754;0;1
9588;0;754;0;1
9589;0;754;0;1
9590;0;754;0;1
9591;0;754;0;1
9592;0;754;0;1
9593;0;754;0;1
9594;0;754;0;1
9595;0;754;0;1
9596;0;754;0;1
9597;0;754;0;1
9598;0;754;0;1
9599;0;754;0;1
9600;0;754;0;1
9601;0;754;0;1
9602;0;754;0;1
9603;0;754;0;1
9604;0;754;0;1
9605;0;754;0;1
9606;0;754;0;1
9607;0;754;0;1
9608;0;754;0;1
9609;0;754;0;1
9610;0;754;0;1
9611;0;754;0;1
9612;0;754;0;1
9613;0;754;0;1
9614;0;754;0;1
9615;0;754;0;1
9616;0;754;0;1
9617;0;754;0;1
9618;0;754;0;1
9619;0;754;0;1
9620;0;754;0;1
9621;0;754;0;1
9622;0;754;0;1
9623;0;754;0;1
9624;0;754;0;1
9625;0;754;0;1
9626;0;754;0;1
9627;0;754;0;1
9628;0;754;0;1
9629;0;754;0;1
9630;0;754;0;1
9631;0;754;0;1
9632;0;754;0;1
9633;0;754;0;1
9634;0;754;0;1
9635;0;754;0;1
9636;0;754;0;1
9637;0;754;0;1
9638;0;754;0;1
9639;0;754;0;1
9640;0;754;0;1
9641;0;754;0;1
9642;0;754;0;1
9643;0;754;0;1
9644;0;754;0;1
9645;0;754;0;1
9646;0;754;0;1
9647;0;754;0;1
9648;0;754;0;1
9649;0;754;0;1
9650;0;754;0;1
9651;0;754;0;1
9652;0;754;0;1
9653;0;754;0;1
9654;0;754;0;1
9655;0;754;0;1
9656;0;754;0;1
9657;0;754;0;1
9658;0;754;0;1
9659;0;754;0;1
9660;0;754;0;1
9661;0;754;0;1
9662;0;754;0;1
9663;0;754;0;1
9664;0;754;0;1
9665;0;754;0;1
9666;0;754;0;1
9667;0;754;0;1
9668;0;754;0;1
9669;0;754;0;1
9670;0;754;0;1
9671;0;754;0;1
9672;0;754;0;1
9673;0;754;0;1
9674;0;754;0;1
9675;0;754;0;1
9676;0;754;0;1
9677;0;754;0;1
9678;0;754;0;1
9679;0;754;0;1
9680;0;754;0;1
9681;0;754;0;1
9682;0;754;0;1
9683;0;754;0;1
9684;0;754;0;1
9685;0;754;0;1
9686;0;754;0;1
9687;0;754;0;1
9688;0;754;0;1
9689;0;754;0;1
9690;0;754;0;1
9691;0;754;0;1
9692;0;754;0;1
9693;0;754;0;1
9694;0;754;0;1
9695;0;754;0;1
9696;0;754;0;1
9697;0;754;0;1
9698;0;754;0;1
9699;0;754;0;1
9700;0;754;0;1
9701;0;754;0;1
9702;0;754;0;1
9703;0;754;0;1
9704;0;754;0;1
9705;0;754;0;1
9706;0;754;0;1
9707;0;754;0;1
9708;0;754;0;1
9709;0;754;0;1
9710;0;754;0;1
9711;0;754;0;1
9712;0;754;0;1
9713;0;754;0;1
9714;0;754;0;1
9715;0;754;0;1
9716;0;754;0;1
9717;0;754;0;1
9718;0;754;0;1
9719;0;754;0;1
9720;0;754;0;1
9721;0;754;0;1
9722;0;754;0;1
9723;0;754;0;1
9724;0;754;0;1
9725;0;754;0;1
9726;0;754;0;1
9727;0;754;0;1
9728;0;754;0;1
9729;0;754;0;1
9730;0;754;0;1
9731;0;754;0;1
9732;0;754;0;1
9733;0;754;0;1
9734;0;754;0;1
9735;0;754;0;1
9736;0;754;0;1
9737;0;754;0;1
9738;0;754;0;1
9739;0;754;0;1
9740;0;754;0;1
9741;0;754;0;1
9742;0;754;0;1
9743;0;754;0;1
9744;0;754;0;1
9745;0;754;0;1
9746;0;754;0;1
9747;0;754;0;1
9748;0;754;0;1
9749;0;754;0;1
9750;0;754;0;1
9751;0;754;0;1
9752;0;754;0;1
9753;0;754;0;1
9754;0;754;0;1
9755;0;754;0;1
9756;0;754;0;1
9757;0;754;0;1
9758;0;754;0;1
9759;0;754;0;1
9760;0;754;0;1
9761;0;754;0;1
9762;0;754;0;1
9763;0;754;0;1
9764;0;754;0;1
9765;0;754;0;1
9766;0;754;0;1
9767;0;754;0;1
9768;0;754;0;1
9769;0;754;0;1
9770;0;754;0;1
9771;0;754;0;1
9772;0;754;0;1
9773;0;754;0;1
9774;0;754;0;1
9775;0;754;0;1
9776;0;754;0;1
9777;0;754;0;1
9778;0;754;0;1
9779;0;754;0;1
9780;0;754;0;1
9781;0;754;0;1
9782;0;754;0;1
9783;0;754;0;1
9784;0;754;0;1
9785;0;754;0;1
9786;0;754;0;1
9787;0;754;0;1
9788;0;754;0;1
9789;0;754;0;1
9790;0;754;0;1
9791;0;754;0;1
9792;0;754;0;1
9793;0;754;0;1
9794;0;754;0;1
9795;0;754;0;1
9796;0;754;0;1
9797;0;754;0;1
9798;0;754;0;1
9799;0;754;0;1
9800;0;754;0;1
9801;0;754;0;1
9802;0;754;0;1
9803;0;754;0;1
9804;0;754;0;1
9805;0;754;0;1
9806;0;754;0;1
9807;0;754;0;1
9808;0;754;0;1
9809;0;754;0;1
9810;0;754;0;1
9811;0;754;0;1
9812;0;754;0;1
9813;0;754;0;1
9814;0;754;0;1
9815;0;754;0;1
9816;0;754;0;1
9817;0;754;0;1
9818;0;754;0;1
9819;0;754;0;1
9820;0;754;0;1
9821;0;754;0;1
9822;0;754;0;1
9823;0;754;0;1
9824;0;754;0;1
9825;0;754;0;1
9826;0;754;0;1
9827;0;754;0;1
9828;0;754;0;1
9829;0;754;0;1
9830;0;754;0;1
9831;0;754;0;1
9832;0;754;0;1
9833;0;754;0;1
9834;0;754;0;1
9835;0;754;0;1
9836;0;754;0;1
9837;0;754;0;1
9838;0;754;0;1
9839;0;754;0;1
9840;0;754;0;1
9841;0;754;0;1
9842;0;754;0;1
9843;0;754;0;1
9844;0;754;0;1
9845;0;754;0;1
9846;0;754;0;1
9847;0;754;0;1
9848;0;754;0;1
9849;0;754;0;1
9850;0;754;0;1
9851;0;754;0;1
9852;0;754;0;1
9853;0;754;0;1
9854;0;754;0;1
9855;0;754;0;1
9856;0;754;0;1
9857;0;754;0;1
9858;0;754;0;1
9859;0;754;0;1
9860;0;754;0;1
9861;0;754;0;1
9862;0;754;0;1
9863;0;754;0;1
9864;0;754;0;1
9865;0;754;0;1
9866;0;754;0;1
9867;0;754;0;1
9868;0;754;0;1
9869;0;754;0;1
9870;0;754;0;1
9871;0;754;0;1
9872;0;754;0;1
9873;0;754;0;1
9874;0;754;0;1
9875;0;754;0;1
9876;0;754;0;1
9877;0;754;0;1
9878;0;754;0;1
9879;0;754;0;1
9880;0;754;0;1
9881;0;754;0;1
9882;0;754;0;1
9883;0;754;0;1
9884;0;754;0;1
9885;0;754;0;1
9886;0;754;0;1
9887;0;754;0;1
9888;0;754;0;1
9889;0;754;0;1
9890;0;754;0;1
9891;0;754;0;1
9892;0;754;0;1
9893;0;754;0;1
9894;0;754;0;1
9895;0;754;0;1
9896;0;754;0;1
9897;0;754;0;1
9898;0;754;0;1
9899;0;754;0;1
9900;0;754;0;1
9901;0;754;0;1
9902;0;754;0;1
9903;0;754;0;1
9904;0;754;0;1
9905;0;754;0;1
9906;0;754;0;1
9907;0;754;0;1
9908;0;754;0;1
9909;0;754;0;1
9910;0;754;0;1
9911;0;754;0;1
9912;0;754;0;1
9913;0;754;0;1
9914;0;754;0;1
9915;0;754;0;1
9916;0;754;0;1
9917;0;754;0;1
9918;0;754;0;1
9919;0;754;0;1
9920;0;754;0;1
9921;0;754;0;1
9922;0;754;0;1
9923;0;754;0;1
9924;0;754;0;1
9925;0;754;0;1
9926;0;754;0;1
9927;0;754;0;1
9928;0;754;0;1
9929;0;754;0;1
9930;0;754;0;1
9931;0;754;0;1
9932;0;754;0;1
9933;0;754;0;1
9934;0;754;0;1
9935;0;754;0;1
9936;0;754;0;1
9937;0;754;0;1
9938;0;754;0;1
9939;0;754;0;1
9940;0;754;0;1
9941;0;754;0;1
9942;0;754;0;1
9943;0;754;0;1
9944;0;754;0;1
9945;0;754;0;1
9946;0;754;0;1
9947;0;754;0;1
9948;0;754;0;1
9949;0;754;0;1
9950;0;754;0;1
9951;0;754;0;1
9952;0;754;0;1
9953;0;754;0;1
9954;0;754;0;1
9955;0;754;0;1
9956;0;754;0;1
9957;0;754;0;1
9958;0;754;0;1
9959;0;754;0;1
9960;0;754;0;1
9961;0;754;0;1
9962;0;754;0;1
9963;0;754;0;1
9964;0;754;0;1
9965;0;754;0;1
9966;0;754;0;1
9967;0;754;0;1
9968;0;754;0;1
9969;0;754;0;1
9970;0;754;0;1
9971;0;754;0;1
9972;0;754;0;1
9973;0;754;0;1
9974;0;754;0;1
9975;0;754;0;1
9976;0;754;0;1
9977;0;754;0;1
9978;0;754;0;1
9979;0;754;0;1
9980;0;754;0;1
9981;0;754;0;1
9982;0;754;0;1
9983;0;754;0;1
9984;0;754;0;1
9985;0;754;0;1
9986;0;754;0;1
9987;0;754;0;1
9988;0;754;0;1
9989;0;754;0;1
9990;0;754;0;1
9991;0;754;0;1
9992;0;754;0;1
9993;0;754;0;1
9994;0;754;0;1
9995;0;754;0;1
9996;0;754;0;1
9997;0;754;0;1
9998;0;754;0;1
9999;0;754;0;1
10000;0;754;0;1
10001;0;754;0;1
10002;0;754;0;1
10003;0;754;0;1
10004;0;754;0;1
10005;0;754;0;1
10006;0;754;0;1
10007;0;754;0;1
10008;0;754;0;1
10009;0;754;0;1
10010;0;754;0;1
10011;0;754;0;1
10012;0;754;0;1
10013;0;754;0;1
10014;0;754;0;1
10015;0;754;0;1
10016;0;754;0;1
10017;0;754;0;1
10018;0;754;0;1
10019;0;754;0;1
10020;0;754;0;1
10021;0;754;0;1
10022;0;754;0;1
10023;0;754;0;1
10024;0;754;0;1
10025;0;754;0;1
10026;0;754;0;1
10027;0;754;0;1
10028;0;754;0;1
10029;0;754;0;1
10030;0;754;0;1
10031;0;754;0;1
10032;0;754;0;1
10033;0;754;0;1
10034;0;754;0;1
10035;0;754;0;1
10036;0;754;0;1
10037;0;754;0;1
10038;0;754;0;1
10039;0;754;0;1
10040;0;754;0;1
10041;0;754;0;1
10042;0;754;0;1
10043;0;754;0;1
10044;0;754;0;1
10045;0;754;0;1
10046;0;754;0;1
10047;0;754;0;1
10048;0;754;0;1
10049;0;754;0;1
10050;0;754;0;1
10051;0;754;0;1
10052;0;754;0;1
10053;0;754;0;1
10054;0;754;0;1
10055;0;754;0;1
10056;0;754;0;1
10057;0;754;0;1
10058;0;754;0;1
10059;0;754;0;1
10060;0;754;0;1
10061;0;754;0;1
10062;0;754;0;1
10063;0;754;0;1
10064;0;754;0;1
10065;0;754;0;1
10066;0;754;0;1
10067;0;754;0;1
10068;0;754;0;1
10069;0;754;0;1
10070;0;754;0;1
10071;0;754;0;1
10072;0;754;0;1
10073;0;754;0;1
10074;0;754;0;1
10075;0;754;0;1
10076;0;754;0;1
10077;0;754;0;1
10078;0;754;0;1
10079;0;754;0;1
